1,1,0.43,675.16,51.98,206.74,0.7567,-1,-1,-1
2,1,0.48,659.41,43.47,215.45,0.7283,-1,-1,-1
3,1,0.02,681.51,37.75,216.07,0.6964,-1,-1,-1
3,2,1620.34,549.67,61.08,121.68,0.6549,-1,-1,-1
4,2,1628.89,547.45,61.13,125.32,0.7369,-1,-1,-1
5,2,1637.32,562.24,60.57,122.18,0.6967,-1,-1,-1
5,3,1383.50,514.64,35.44,108.91,0.8060,-1,-1,-1
6,2,1642.88,574.41,66.66,123.51,0.6999,-1,-1,-1
6,3,1391.36,527.76,30.56,105.38,0.7323,-1,-1,-1
7,2,1649.23,569.91,66.37,127.28,0.4072,-1,-1,-1
7,3,1393.83,519.63,30.67,107.53,0.7019,-1,-1,-1
8,2,1655.86,577.79,68.63,129.26,0.4466,-1,-1,-1
8,3,1395.38,531.44,32.62,106.51,0.6768,-1,-1,-1
9,2,1663.13,582.31,67.52,130.62,0.5754,-1,-1,-1
9,3,1397.87,532.04,34.73,108.62,0.7021,-1,-1,-1
9,1,15.91,737.69,47.62,117.86,0.7326,-1,-1,-1
10,2,1670.93,600.04,64.66,127.61,0.5518,-1,-1,-1
10,3,1399.77,540.18,35.86,108.00,0.7931,-1,-1,-1
10,1,7.08,732.11,48.87,112.55,0.6157,-1,-1,-1
11,2,1677.39,582.90,65.51,133.71,0.7505,-1,-1,-1
11,3,1400.44,531.60,35.88,107.66,0.7460,-1,-1,-1
12,2,1687.75,589.37,64.60,132.23,0.8010,-1,-1,-1
12,3,1403.26,532.80,37.14,110.07,0.6934,-1,-1,-1
12,5,1596.43,592.21,52.14,128.41,0.6240,-1,-1,-1
13,2,1695.28,587.18,64.33,132.46,0.7297,-1,-1,-1
13,3,1407.65,528.02,36.29,107.38,0.7693,-1,-1,-1
14,2,1700.53,584.96,63.84,131.99,0.6073,-1,-1,-1
14,3,1408.19,528.35,36.08,104.85,0.7426,-1,-1,-1
15,2,1710.29,587.11,62.41,134.55,0.3839,-1,-1,-1
15,3,1413.01,530.58,35.09,105.30,0.5630,-1,-1,-1
15,5,1619.23,591.66,53.27,129.70,0.7346,-1,-1,-1
16,2,1715.92,592.37,63.07,135.49,0.5923,-1,-1,-1
16,3,1417.13,533.69,34.42,104.31,0.5712,-1,-1,-1
17,2,1722.40,591.23,62.99,139.04,0.6478,-1,-1,-1
17,3,1418.23,533.77,35.81,105.83,0.5438,-1,-1,-1
18,2,1732.32,593.11,62.26,138.15,0.7592,-1,-1,-1
18,3,1421.61,532.42,35.83,109.76,0.6663,-1,-1,-1
19,2,1741.22,595.01,63.36,137.71,0.6506,-1,-1,-1
19,3,1423.38,533.44,37.10,108.61,0.2633,-1,-1,-1
20,2,1749.01,597.24,63.70,139.80,0.6892,-1,-1,-1
20,3,1424.83,534.42,38.01,106.81,0.8259,-1,-1,-1
21,2,1757.50,598.49,64.00,142.08,0.7228,-1,-1,-1
21,3,1426.86,533.58,39.35,109.89,0.7392,-1,-1,-1
22,2,1769.75,602.21,59.97,139.71,0.6661,-1,-1,-1
22,3,1429.98,536.52,38.58,104.79,0.7337,-1,-1,-1
23,2,1778.05,601.43,63.71,143.57,0.7741,-1,-1,-1
23,3,1431.84,535.91,39.88,109.96,0.7573,-1,-1,-1
23,5,1679.63,601.08,57.18,142.50,0.7126,-1,-1,-1
24,2,1787.50,595.82,64.64,150.23,0.6315,-1,-1,-1
24,3,1434.84,532.33,39.03,115.32,0.7564,-1,-1,-1
24,6,498.92,552.26,38.06,106.08,0.7414,-1,-1,-1
24,5,1686.16,601.72,59.20,143.28,0.7596,-1,-1,-1
25,2,1796.40,603.00,66.81,150.30,0.5588,-1,-1,-1
25,3,1439.78,534.62,38.51,119.99,0.7894,-1,-1,-1
25,6,499.03,552.66,38.59,109.12,0.6966,-1,-1,-1
25,5,1695.09,606.81,57.81,147.42,0.7410,-1,-1,-1
26,3,1442.74,537.32,40.46,119.23,0.8032,-1,-1,-1
26,6,497.00,549.23,39.72,113.68,0.6970,-1,-1,-1
26,5,1703.05,611.20,59.69,147.52,0.7349,-1,-1,-1
27,3,1443.97,540.07,41.00,115.64,0.8739,-1,-1,-1
27,6,493.22,559.18,40.53,107.17,0.7627,-1,-1,-1
27,5,1710.39,615.26,60.42,149.17,0.7166,-1,-1,-1
27,2,1812.61,609.75,73.46,154.49,0.6296,-1,-1,-1
28,3,1448.02,543.58,42.02,112.84,0.8145,-1,-1,-1
28,6,490.90,563.79,40.29,104.37,0.7361,-1,-1,-1
28,5,1718.24,617.46,60.40,152.46,0.7620,-1,-1,-1
28,2,1822.40,611.62,74.67,157.17,0.8441,-1,-1,-1
29,3,1452.07,549.67,40.25,111.60,0.7857,-1,-1,-1
29,6,489.98,569.26,39.74,99.97,0.6998,-1,-1,-1
29,5,1725.69,624.13,60.64,156.69,0.8207,-1,-1,-1
29,2,1830.48,619.77,73.92,158.60,0.7514,-1,-1,-1
30,3,1454.55,551.09,40.84,111.27,0.7343,-1,-1,-1
30,6,487.30,574.74,40.58,100.52,0.6094,-1,-1,-1
30,5,1736.56,625.04,60.17,159.79,0.8368,-1,-1,-1
30,2,1837.86,620.73,78.82,155.84,0.6700,-1,-1,-1
31,3,1456.80,553.83,41.71,118.42,0.6476,-1,-1,-1
31,6,487.43,576.37,40.39,111.92,0.3586,-1,-1,-1
31,5,1748.66,630.33,58.68,156.80,0.5367,-1,-1,-1
31,2,1849.91,627.95,71.71,154.20,0.6994,-1,-1,-1
32,3,1461.91,554.98,38.91,119.01,0.7310,-1,-1,-1
32,6,485.94,573.89,41.48,111.05,0.5836,-1,-1,-1
32,5,1757.58,632.13,60.11,156.47,0.7068,-1,-1,-1
32,2,1859.20,633.87,63.76,159.57,0.7655,-1,-1,-1
33,3,1465.73,540.27,40.99,125.73,0.7658,-1,-1,-1
33,6,484.59,567.74,40.80,107.35,0.4065,-1,-1,-1
33,5,1767.19,620.65,59.82,154.35,0.7357,-1,-1,-1
33,2,1868.88,621.87,54.05,167.14,0.7554,-1,-1,-1
33,8,440.35,564.64,39.40,107.68,0.6267,-1,-1,-1
34,3,1468.19,542.26,41.56,127.42,0.8178,-1,-1,-1
34,6,482.00,568.11,42.14,111.55,0.3800,-1,-1,-1
34,5,1774.51,623.27,63.51,155.72,0.8213,-1,-1,-1
34,2,1879.94,632.63,42.17,147.52,0.3715,-1,-1,-1
34,8,436.93,572.08,38.13,104.44,0.3927,-1,-1,-1
35,3,1472.30,538.44,43.01,126.10,0.8587,-1,-1,-1
35,6,478.17,562.38,37.62,109.17,0.3016,-1,-1,-1
35,5,1784.78,621.09,65.92,157.50,0.7687,-1,-1,-1
35,8,434.73,565.95,39.29,102.75,0.3800,-1,-1,-1
36,3,1477.06,536.56,42.03,127.42,0.8970,-1,-1,-1
36,5,1793.58,618.19,67.76,165.19,0.7864,-1,-1,-1
37,3,1480.76,537.33,41.90,126.14,0.8830,-1,-1,-1
37,5,1801.59,620.96,73.56,167.58,0.8394,-1,-1,-1
38,3,1483.62,532.55,41.69,129.71,0.8591,-1,-1,-1
38,5,1809.23,617.40,76.99,175.15,0.8433,-1,-1,-1
38,6,467.04,544.31,43.16,119.80,0.6810,-1,-1,-1
39,3,1489.16,535.85,42.06,129.50,0.7751,-1,-1,-1
39,5,1821.59,625.72,76.91,174.36,0.8269,-1,-1,-1
39,6,466.02,536.14,43.06,123.71,0.6311,-1,-1,-1
39,8,422.58,544.81,40.09,113.23,0.6191,-1,-1,-1
40,3,1490.96,535.91,41.51,127.74,0.8680,-1,-1,-1
40,5,1832.85,626.04,74.88,177.23,0.8201,-1,-1,-1
40,6,463.91,538.60,43.14,121.19,0.6420,-1,-1,-1
40,8,419.45,541.51,39.47,119.47,0.5267,-1,-1,-1
41,3,1496.08,543.27,42.31,122.40,0.8522,-1,-1,-1
41,5,1845.50,632.12,73.72,179.80,0.8153,-1,-1,-1
41,6,462.63,540.51,44.45,119.40,0.6261,-1,-1,-1
41,8,418.85,538.88,39.70,123.09,0.5468,-1,-1,-1
42,3,1501.70,546.88,41.86,120.39,0.8327,-1,-1,-1
42,5,1857.70,637.38,65.02,180.95,0.7749,-1,-1,-1
42,6,461.02,545.37,45.72,115.83,0.6020,-1,-1,-1
42,8,417.69,538.37,42.07,125.76,0.6853,-1,-1,-1
43,3,1506.29,550.36,41.69,121.97,0.7151,-1,-1,-1
43,5,1869.23,643.49,54.13,175.88,0.7231,-1,-1,-1
43,6,458.64,537.08,46.18,126.72,0.3998,-1,-1,-1
43,8,415.33,537.04,43.91,130.37,0.7043,-1,-1,-1
44,3,1511.21,552.55,41.50,120.97,0.5674,-1,-1,-1
44,5,1880.88,646.11,41.45,175.29,0.7255,-1,-1,-1
44,6,452.41,532.95,44.78,133.42,0.2501,-1,-1,-1
44,8,417.89,535.37,40.98,133.16,0.5404,-1,-1,-1
45,3,1516.64,554.20,41.84,129.05,0.8351,-1,-1,-1
45,6,457.22,532.81,43.16,133.46,0.2789,-1,-1,-1
45,8,420.60,535.09,38.77,132.64,0.4316,-1,-1,-1
46,3,1520.12,554.10,41.60,133.16,0.8688,-1,-1,-1
46,6,451.47,532.44,43.94,136.62,0.3645,-1,-1,-1
46,8,409.67,538.62,43.51,127.98,0.3406,-1,-1,-1
47,3,1525.21,557.96,42.29,131.61,0.8534,-1,-1,-1
47,6,450.23,535.09,42.97,135.08,0.3912,-1,-1,-1
47,8,405.35,538.85,45.30,128.20,0.3106,-1,-1,-1
48,3,1528.19,560.66,43.61,132.94,0.8298,-1,-1,-1
48,6,448.67,540.34,42.95,134.93,0.4225,-1,-1,-1
48,8,400.69,540.05,47.96,131.65,0.3947,-1,-1,-1
49,3,1533.09,560.52,43.51,136.59,0.7581,-1,-1,-1
49,6,446.39,549.52,43.55,128.88,0.7532,-1,-1,-1
49,8,397.34,551.95,46.10,121.70,0.3566,-1,-1,-1
49,10,1626.40,532.85,30.77,90.46,0.7562,-1,-1,-1
50,3,1538.16,558.17,44.65,137.36,0.7883,-1,-1,-1
50,6,444.88,556.42,42.45,120.43,0.7384,-1,-1,-1
50,8,397.79,551.41,45.81,120.71,0.4068,-1,-1,-1
50,10,1629.44,529.71,31.22,91.48,0.5400,-1,-1,-1
51,3,1542.40,562.10,44.75,137.41,0.8261,-1,-1,-1
51,6,441.55,564.84,43.90,113.06,0.6468,-1,-1,-1
51,8,396.11,553.57,44.65,119.54,0.5461,-1,-1,-1
51,10,1635.69,532.46,29.99,90.33,0.6296,-1,-1,-1
52,3,1544.93,559.57,54.00,144.41,0.6604,-1,-1,-1
52,6,439.87,567.46,41.80,111.21,0.6326,-1,-1,-1
52,8,394.81,554.05,44.83,121.18,0.7160,-1,-1,-1
52,10,1639.10,532.80,28.89,89.62,0.3932,-1,-1,-1
53,3,1548.66,557.54,55.98,150.13,0.6336,-1,-1,-1
53,6,437.50,566.05,42.56,114.01,0.5567,-1,-1,-1
53,8,392.69,553.51,44.96,124.32,0.6931,-1,-1,-1
53,10,1643.85,534.81,29.90,88.67,0.7042,-1,-1,-1
54,3,1552.24,556.50,57.04,152.77,0.5397,-1,-1,-1
54,6,434.51,566.37,44.05,114.03,0.5886,-1,-1,-1
54,8,389.35,551.66,44.86,126.32,0.5059,-1,-1,-1
54,10,1648.06,535.41,30.47,88.67,0.7295,-1,-1,-1
55,6,432.67,563.51,45.53,118.42,0.3989,-1,-1,-1
55,8,384.27,547.18,46.57,130.78,0.4147,-1,-1,-1
55,10,1653.51,533.87,31.56,90.95,0.7184,-1,-1,-1
56,6,428.84,563.03,40.07,119.13,0.4113,-1,-1,-1
56,8,382.02,549.59,44.59,129.12,0.4893,-1,-1,-1
56,10,1656.15,529.19,34.40,97.11,0.8009,-1,-1,-1
57,6,425.60,561.63,41.11,119.22,0.6085,-1,-1,-1
57,8,379.61,549.59,44.03,129.16,0.3903,-1,-1,-1
57,10,1659.17,523.23,35.04,100.86,0.7292,-1,-1,-1
57,3,1566.50,549.69,56.97,159.24,0.6899,-1,-1,-1
58,6,421.41,559.98,42.74,119.49,0.6220,-1,-1,-1
58,8,376.40,547.11,43.94,130.76,0.6648,-1,-1,-1
58,10,1661.52,514.85,36.10,108.97,0.5659,-1,-1,-1
58,3,1570.56,552.34,56.00,156.25,0.5965,-1,-1,-1
59,6,418.64,561.09,43.41,117.36,0.5625,-1,-1,-1
59,8,372.65,544.79,44.20,132.38,0.7333,-1,-1,-1
59,10,1663.60,509.43,38.31,113.18,0.7201,-1,-1,-1
59,3,1577.20,554.64,53.42,155.42,0.5430,-1,-1,-1
60,6,416.87,564.33,45.08,114.50,0.5663,-1,-1,-1
60,8,368.92,543.73,43.57,133.54,0.6924,-1,-1,-1
60,10,1665.50,508.48,39.81,113.96,0.6564,-1,-1,-1
60,3,1581.92,557.94,53.20,154.00,0.6125,-1,-1,-1
61,6,414.79,562.06,45.20,116.32,0.6195,-1,-1,-1
61,8,364.23,544.88,46.27,132.30,0.5470,-1,-1,-1
61,10,1665.46,506.78,42.94,111.28,0.7771,-1,-1,-1
61,3,1585.14,555.75,51.88,150.17,0.2902,-1,-1,-1
62,6,413.41,551.88,46.21,125.96,0.3423,-1,-1,-1
62,8,362.54,543.50,45.80,132.08,0.4768,-1,-1,-1
62,10,1670.19,516.39,44.43,105.89,0.6795,-1,-1,-1
62,3,1590.14,557.43,54.57,153.08,0.6955,-1,-1,-1
63,6,411.30,560.53,47.15,122.22,0.5625,-1,-1,-1
63,8,359.77,555.33,41.80,128.43,0.3991,-1,-1,-1
63,10,1677.45,510.22,39.78,100.44,0.5283,-1,-1,-1
63,3,1593.72,546.92,57.84,153.75,0.6784,-1,-1,-1
64,8,358.49,547.70,43.22,132.46,0.4828,-1,-1,-1
64,10,1687.93,526.60,35.35,95.72,0.7413,-1,-1,-1
64,3,1599.66,563.40,59.00,150.65,0.5556,-1,-1,-1
65,8,350.53,550.28,47.00,132.01,0.4011,-1,-1,-1
65,10,1691.26,528.45,33.26,92.54,0.7952,-1,-1,-1
65,3,1602.37,563.65,59.60,149.37,0.2853,-1,-1,-1
66,8,348.26,555.75,46.38,133.00,0.7979,-1,-1,-1
66,10,1695.92,522.67,34.01,93.80,0.7905,-1,-1,-1
66,3,1608.45,562.56,59.31,148.63,0.6504,-1,-1,-1
66,6,398.26,567.24,48.61,123.36,0.6469,-1,-1,-1
67,8,344.54,550.41,48.63,134.56,0.6481,-1,-1,-1
67,10,1700.84,534.26,33.92,93.21,0.7839,-1,-1,-1
67,3,1613.18,569.05,58.97,153.09,0.7167,-1,-1,-1
67,6,394.45,562.22,47.72,123.51,0.7338,-1,-1,-1
68,8,341.13,554.98,45.51,130.36,0.7954,-1,-1,-1
68,10,1702.92,529.62,32.37,92.29,0.7258,-1,-1,-1
68,3,1615.87,566.41,58.79,152.20,0.7455,-1,-1,-1
68,6,388.14,562.40,49.08,123.07,0.7476,-1,-1,-1
69,8,339.52,553.86,45.05,130.37,0.4658,-1,-1,-1
69,10,1705.64,536.66,34.08,92.83,0.7111,-1,-1,-1
69,3,1620.98,572.75,59.09,155.76,0.7677,-1,-1,-1
69,6,386.03,560.97,47.79,123.04,0.6289,-1,-1,-1
70,8,331.01,547.65,49.97,136.42,0.4615,-1,-1,-1
70,10,1705.80,534.82,34.86,92.48,0.6258,-1,-1,-1
70,3,1625.38,568.33,59.07,158.48,0.7711,-1,-1,-1
70,6,380.67,556.89,46.08,126.72,0.7234,-1,-1,-1
71,8,327.60,547.10,49.72,136.13,0.5730,-1,-1,-1
71,10,1706.73,536.42,35.23,93.47,0.6800,-1,-1,-1
71,3,1629.37,571.56,59.14,160.03,0.7276,-1,-1,-1
71,6,375.21,554.38,47.34,128.87,0.7671,-1,-1,-1
72,8,323.93,551.09,49.38,134.27,0.7587,-1,-1,-1
72,10,1706.33,536.26,36.94,91.67,0.6793,-1,-1,-1
72,3,1632.41,562.96,60.97,169.71,0.7667,-1,-1,-1
72,6,370.42,555.56,46.40,128.96,0.7992,-1,-1,-1
73,8,318.87,545.81,50.40,138.06,0.5515,-1,-1,-1
73,10,1708.65,538.49,38.67,93.56,0.5826,-1,-1,-1
73,3,1636.23,564.05,62.04,172.34,0.7338,-1,-1,-1
73,6,366.70,552.35,46.21,130.97,0.6776,-1,-1,-1
74,8,317.45,543.42,47.49,140.63,0.3232,-1,-1,-1
74,10,1711.34,537.11,37.95,93.13,0.6414,-1,-1,-1
74,3,1639.79,568.45,66.32,168.83,0.7821,-1,-1,-1
74,6,362.35,550.49,47.59,133.03,0.6739,-1,-1,-1
75,8,305.10,546.99,52.38,137.29,0.5747,-1,-1,-1
75,10,1712.21,539.66,38.45,93.34,0.5956,-1,-1,-1
75,3,1642.19,573.97,67.43,167.55,0.7622,-1,-1,-1
75,6,355.82,554.67,46.85,130.71,0.7303,-1,-1,-1
76,8,298.62,543.70,53.49,140.53,0.5698,-1,-1,-1
76,10,1713.21,539.83,39.34,91.10,0.5749,-1,-1,-1
76,3,1645.44,575.01,67.65,168.28,0.6942,-1,-1,-1
76,6,350.30,551.96,48.47,132.50,0.7141,-1,-1,-1
77,8,293.82,547.14,51.41,137.24,0.6484,-1,-1,-1
77,10,1713.65,541.47,39.67,90.63,0.5472,-1,-1,-1
77,3,1648.39,579.95,68.41,164.89,0.8186,-1,-1,-1
77,6,344.36,549.24,48.37,135.06,0.5027,-1,-1,-1
78,8,277.29,541.91,61.23,142.57,0.2964,-1,-1,-1
78,10,1713.68,541.52,39.86,90.99,0.6105,-1,-1,-1
78,3,1651.53,581.21,68.71,164.93,0.8308,-1,-1,-1
78,6,338.27,551.63,48.62,134.71,0.6974,-1,-1,-1
79,8,270.81,539.14,61.43,142.53,0.4175,-1,-1,-1
79,10,1713.22,541.19,40.35,91.31,0.6164,-1,-1,-1
79,3,1652.99,583.30,71.53,164.04,0.8441,-1,-1,-1
80,8,261.91,536.73,64.64,147.91,0.3947,-1,-1,-1
80,10,1712.14,538.60,41.33,91.77,0.6746,-1,-1,-1
80,3,1653.70,582.69,74.41,166.10,0.8363,-1,-1,-1
80,6,326.42,553.05,49.97,134.14,0.7536,-1,-1,-1
81,8,263.74,546.31,54.58,136.74,0.5527,-1,-1,-1
81,10,1711.64,537.55,41.25,91.39,0.6359,-1,-1,-1
81,3,1654.33,581.86,76.32,168.75,0.8361,-1,-1,-1
81,6,319.03,554.55,50.27,132.96,0.7131,-1,-1,-1
82,8,263.16,540.79,48.39,141.80,0.2796,-1,-1,-1
82,10,1711.84,538.26,38.72,90.38,0.6579,-1,-1,-1
82,3,1653.91,582.10,79.15,173.35,0.8281,-1,-1,-1
82,6,313.20,557.00,48.55,131.00,0.6536,-1,-1,-1
83,8,255.32,543.73,49.25,141.79,0.6602,-1,-1,-1
83,10,1711.92,538.12,37.17,89.41,0.6288,-1,-1,-1
83,3,1657.34,581.67,77.29,175.31,0.8117,-1,-1,-1
83,6,305.16,558.91,51.84,130.18,0.7705,-1,-1,-1
84,8,247.52,551.10,49.85,137.91,0.6964,-1,-1,-1
84,10,1712.22,536.63,35.96,88.99,0.6008,-1,-1,-1
84,3,1662.26,580.54,75.47,177.13,0.8336,-1,-1,-1
84,6,296.68,562.12,52.94,127.89,0.6828,-1,-1,-1
85,8,243.68,557.28,45.97,134.47,0.6913,-1,-1,-1
85,10,1711.52,537.65,35.75,88.82,0.5220,-1,-1,-1
85,3,1666.04,581.92,73.95,179.49,0.8564,-1,-1,-1
85,6,290.91,563.31,52.06,128.75,0.6714,-1,-1,-1
86,8,232.51,555.83,50.11,136.83,0.5658,-1,-1,-1
86,10,1710.15,536.83,35.56,87.66,0.2723,-1,-1,-1
86,3,1670.44,581.73,71.37,179.13,0.8529,-1,-1,-1
87,8,225.24,557.87,50.37,136.85,0.6415,-1,-1,-1
87,3,1672.02,585.05,71.68,179.74,0.8739,-1,-1,-1
87,6,278.79,564.98,52.41,130.61,0.6037,-1,-1,-1
88,8,221.00,561.81,48.99,137.45,0.7259,-1,-1,-1
88,3,1675.08,584.15,70.70,183.69,0.8713,-1,-1,-1
88,6,271.40,568.79,50.96,131.21,0.6998,-1,-1,-1
89,3,1678.32,585.04,69.37,187.80,0.8690,-1,-1,-1
89,6,266.42,568.81,50.56,131.27,0.5986,-1,-1,-1
90,3,1682.19,586.38,68.88,192.38,0.8347,-1,-1,-1
90,6,261.27,569.32,51.64,135.71,0.3774,-1,-1,-1
91,3,1685.11,595.21,71.48,189.05,0.8510,-1,-1,-1
91,6,252.24,558.54,53.76,148.97,0.3620,-1,-1,-1
92,3,1687.55,600.09,73.59,187.59,0.8635,-1,-1,-1
92,6,246.66,556.40,57.14,155.03,0.2733,-1,-1,-1
93,3,1688.52,604.54,74.87,186.87,0.8646,-1,-1,-1
93,6,240.40,568.83,55.62,145.15,0.6255,-1,-1,-1
94,3,1689.89,606.78,74.67,187.82,0.8429,-1,-1,-1
94,6,235.19,575.49,56.42,142.20,0.4976,-1,-1,-1
94,8,181.16,567.67,53.47,148.25,0.6148,-1,-1,-1
95,3,1691.88,610.34,75.63,189.33,0.8609,-1,-1,-1
95,6,226.98,580.41,55.47,138.65,0.5557,-1,-1,-1
95,8,174.65,568.63,53.40,149.48,0.6504,-1,-1,-1
96,3,1695.28,611.26,75.47,190.81,0.8678,-1,-1,-1
96,6,221.18,583.12,53.66,140.54,0.7417,-1,-1,-1
96,8,167.06,576.45,53.02,145.38,0.5088,-1,-1,-1
97,3,1699.35,612.56,76.53,192.50,0.8719,-1,-1,-1
97,6,213.86,582.88,53.32,140.79,0.6190,-1,-1,-1
97,8,159.51,578.98,53.56,141.80,0.6479,-1,-1,-1
98,3,1703.93,613.19,76.33,195.61,0.8806,-1,-1,-1
98,6,205.18,584.14,53.91,142.56,0.5063,-1,-1,-1
98,8,152.44,582.76,52.00,141.53,0.6696,-1,-1,-1
99,3,1706.93,614.17,77.50,197.65,0.8649,-1,-1,-1
99,6,198.07,580.60,53.42,146.30,0.7387,-1,-1,-1
99,8,143.76,583.27,53.55,139.45,0.5697,-1,-1,-1
100,3,1709.56,613.56,79.29,200.82,0.8820,-1,-1,-1
100,6,189.70,585.52,54.27,142.52,0.7253,-1,-1,-1
100,8,132.79,585.08,55.58,139.34,0.5557,-1,-1,-1
100,10,1685.12,550.00,43.11,100.23,0.6820,-1,-1,-1
101,3,1711.30,615.27,80.41,203.29,0.8835,-1,-1,-1
101,6,180.80,584.53,57.14,143.14,0.4026,-1,-1,-1
101,8,123.90,582.43,55.93,140.66,0.7096,-1,-1,-1
101,14,342.40,577.70,47.69,114.82,0.6785,-1,-1,-1
101,10,1684.73,550.82,40.63,102.41,0.6423,-1,-1,-1
102,3,1712.68,616.63,82.32,204.71,0.8992,-1,-1,-1
102,6,172.09,584.53,57.67,143.74,0.6692,-1,-1,-1
102,8,115.55,583.10,55.61,141.80,0.3140,-1,-1,-1
102,14,333.53,578.84,48.53,115.65,0.5158,-1,-1,-1
102,10,1684.11,550.68,37.65,103.01,0.7150,-1,-1,-1
103,3,1714.36,617.96,84.41,206.01,0.9040,-1,-1,-1
103,6,164.17,587.48,59.16,141.86,0.4698,-1,-1,-1
103,8,106.60,581.37,55.98,145.22,0.5651,-1,-1,-1
103,14,327.15,576.77,51.03,117.51,0.6803,-1,-1,-1
103,10,1683.26,550.06,36.47,102.93,0.7285,-1,-1,-1
104,3,1716.46,622.65,85.29,207.59,0.8960,-1,-1,-1
104,6,154.45,591.83,57.94,136.71,0.4237,-1,-1,-1
104,8,96.88,578.77,57.28,146.83,0.6478,-1,-1,-1
104,14,317.41,579.87,50.02,114.00,0.5293,-1,-1,-1
104,10,1682.24,551.28,35.53,102.69,0.7574,-1,-1,-1
105,3,1718.49,623.82,85.94,210.43,0.8862,-1,-1,-1
105,6,144.80,586.30,61.94,143.99,0.5087,-1,-1,-1
105,8,88.54,577.46,56.19,151.43,0.4128,-1,-1,-1
105,14,304.54,566.85,53.70,130.59,0.4605,-1,-1,-1
105,10,1679.93,550.00,35.39,103.53,0.7710,-1,-1,-1
106,3,1723.45,625.15,85.14,213.41,0.8798,-1,-1,-1
106,6,137.77,574.97,62.00,154.20,0.3477,-1,-1,-1
106,8,79.12,575.14,55.01,153.14,0.5809,-1,-1,-1
106,14,299.57,570.12,50.98,126.31,0.6790,-1,-1,-1
106,10,1677.89,548.91,35.05,105.34,0.7034,-1,-1,-1
107,3,1726.67,624.56,83.94,215.57,0.7822,-1,-1,-1
107,6,129.56,579.45,62.06,149.68,0.2594,-1,-1,-1
107,8,68.44,573.91,57.52,152.77,0.4921,-1,-1,-1
107,14,290.82,579.39,49.82,116.70,0.5465,-1,-1,-1
107,10,1676.04,547.13,34.52,105.85,0.6435,-1,-1,-1
108,3,1728.74,628.24,84.87,217.10,0.8672,-1,-1,-1
108,6,121.52,575.10,59.12,154.40,0.5223,-1,-1,-1
108,8,53.91,568.34,65.51,161.65,0.5866,-1,-1,-1
108,14,279.74,562.13,53.05,137.75,0.5154,-1,-1,-1
108,10,1675.11,548.49,33.67,106.93,0.5906,-1,-1,-1
109,3,1730.78,630.10,85.17,219.20,0.8649,-1,-1,-1
109,6,113.51,572.43,56.31,158.69,0.2530,-1,-1,-1
109,8,42.03,567.61,67.67,163.04,0.4578,-1,-1,-1
109,14,270.85,574.32,51.71,129.18,0.5827,-1,-1,-1
109,10,1673.39,549.41,33.38,107.52,0.6754,-1,-1,-1
110,3,1732.31,631.08,85.80,221.82,0.8750,-1,-1,-1
110,6,103.69,567.74,57.80,163.16,0.3739,-1,-1,-1
110,8,31.79,566.40,69.77,164.04,0.5749,-1,-1,-1
110,14,256.37,559.88,55.78,142.67,0.3109,-1,-1,-1
110,10,1672.49,550.62,32.19,108.12,0.5165,-1,-1,-1
111,3,1733.44,631.59,87.02,224.18,0.8768,-1,-1,-1
111,6,93.47,564.04,60.59,167.88,0.6482,-1,-1,-1
111,8,20.58,562.59,72.06,168.61,0.7151,-1,-1,-1
111,14,247.38,558.00,56.90,146.18,0.2686,-1,-1,-1
111,10,1670.00,551.81,32.06,107.97,0.3639,-1,-1,-1
111,15,318.12,574.11,42.77,130.64,0.7003,-1,-1,-1
112,3,1734.47,634.05,89.31,224.97,0.8731,-1,-1,-1
112,6,83.70,571.99,59.77,161.15,0.2794,-1,-1,-1
112,8,11.12,566.08,75.12,166.37,0.5576,-1,-1,-1
112,14,239.65,567.41,54.26,138.57,0.7355,-1,-1,-1
112,15,308.22,573.68,41.67,135.50,0.7409,-1,-1,-1
113,3,1735.13,636.23,90.50,227.02,0.8686,-1,-1,-1
113,6,74.65,576.03,57.73,160.31,0.5827,-1,-1,-1
113,8,1.35,559.95,74.08,174.40,0.7173,-1,-1,-1
113,14,232.26,578.37,52.64,130.45,0.7473,-1,-1,-1
113,15,298.69,571.71,40.19,140.16,0.6571,-1,-1,-1
114,3,1736.89,636.95,90.53,228.02,0.8690,-1,-1,-1
114,6,61.82,564.30,60.39,172.10,0.6270,-1,-1,-1
114,8,1.36,568.26,62.82,166.74,0.4593,-1,-1,-1
114,14,220.96,581.31,51.93,128.32,0.7224,-1,-1,-1
114,15,290.60,572.84,42.51,139.32,0.2677,-1,-1,-1
115,3,1738.68,637.17,91.09,230.63,0.8689,-1,-1,-1
115,6,52.73,561.69,60.25,176.55,0.7156,-1,-1,-1
115,8,-0.20,571.70,56.11,165.15,0.3524,-1,-1,-1
115,14,206.25,575.86,57.07,134.38,0.3729,-1,-1,-1
115,15,281.07,577.06,41.10,137.67,0.7214,-1,-1,-1
116,3,1740.09,637.06,91.72,234.59,0.8768,-1,-1,-1
116,6,43.31,567.38,58.78,173.36,0.6713,-1,-1,-1
116,8,-2.53,580.89,51.19,158.55,0.7074,-1,-1,-1
116,14,198.32,576.57,54.81,138.70,0.6875,-1,-1,-1
116,15,271.22,577.67,39.46,139.23,0.6200,-1,-1,-1
116,16,131.32,599.19,35.84,103.80,0.7372,-1,-1,-1
116,17,325.39,567.58,38.11,110.62,0.7251,-1,-1,-1
117,3,1740.40,638.57,94.02,238.36,0.8860,-1,-1,-1
117,6,33.32,573.73,59.53,169.61,0.3270,-1,-1,-1
117,8,-3.09,584.74,41.39,156.13,0.4670,-1,-1,-1
117,14,189.75,578.06,52.80,138.87,0.5112,-1,-1,-1
117,15,259.32,567.71,39.33,152.16,0.7057,-1,-1,-1
117,16,120.95,600.45,36.04,100.71,0.6982,-1,-1,-1
117,17,317.67,567.22,38.38,110.30,0.5805,-1,-1,-1
118,3,1741.75,637.60,96.28,244.10,0.8801,-1,-1,-1
118,6,23.53,579.61,58.03,165.38,0.3058,-1,-1,-1
118,8,-2.44,587.55,32.11,155.95,0.6211,-1,-1,-1
118,14,180.84,581.61,52.93,138.83,0.6349,-1,-1,-1
118,15,249.39,571.47,39.26,150.43,0.7471,-1,-1,-1
118,16,109.58,600.33,38.55,104.06,0.6339,-1,-1,-1
118,17,310.99,562.25,37.46,117.77,0.7520,-1,-1,-1
119,3,1744.77,640.01,99.30,245.86,0.8904,-1,-1,-1
119,6,11.02,569.91,61.41,179.09,0.5669,-1,-1,-1
119,14,169.28,577.45,54.19,147.28,0.4273,-1,-1,-1
119,15,238.31,568.22,41.52,157.35,0.6133,-1,-1,-1
119,16,98.99,602.15,36.38,103.26,0.6162,-1,-1,-1
119,17,301.01,563.37,39.29,118.43,0.6720,-1,-1,-1
120,3,1747.68,644.05,103.13,245.39,0.8945,-1,-1,-1
120,6,4.63,563.61,58.07,188.97,0.6767,-1,-1,-1
120,14,157.31,581.27,55.98,145.78,0.5438,-1,-1,-1
120,15,227.49,572.41,41.41,155.06,0.7371,-1,-1,-1
120,16,89.41,601.26,34.95,110.88,0.5868,-1,-1,-1
120,17,293.20,562.32,38.51,121.49,0.6805,-1,-1,-1
121,3,1751.43,646.04,104.51,247.52,0.8782,-1,-1,-1
121,6,-1.22,555.34,56.61,197.37,0.6932,-1,-1,-1
121,14,146.76,585.29,56.09,143.05,0.6237,-1,-1,-1
121,15,217.49,571.29,44.10,157.26,0.3151,-1,-1,-1
121,16,78.45,603.71,35.30,111.05,0.4575,-1,-1,-1
121,17,286.92,564.35,37.06,118.85,0.7053,-1,-1,-1
122,3,1755.25,647.59,102.22,250.75,0.8833,-1,-1,-1
122,6,-3.24,556.11,49.72,197.27,0.7035,-1,-1,-1
122,14,139.57,600.62,52.82,133.37,0.3609,-1,-1,-1
122,15,206.26,574.46,45.88,157.80,0.6924,-1,-1,-1
122,16,68.33,605.56,34.38,110.07,0.5067,-1,-1,-1
122,17,276.99,564.86,39.15,120.51,0.6867,-1,-1,-1
123,3,1759.93,649.24,98.94,255.27,0.8609,-1,-1,-1
123,6,-3.26,564.53,44.38,192.52,0.5927,-1,-1,-1
123,14,129.87,600.47,53.61,138.45,0.6449,-1,-1,-1
123,15,194.98,582.82,47.95,152.55,0.4500,-1,-1,-1
123,17,267.52,561.53,40.82,126.38,0.6671,-1,-1,-1
124,3,1764.17,649.17,97.74,260.43,0.8800,-1,-1,-1
124,6,-2.63,584.03,35.02,174.21,0.4747,-1,-1,-1
124,15,183.58,589.04,49.13,147.59,0.6949,-1,-1,-1
124,17,260.81,567.87,39.35,122.37,0.6641,-1,-1,-1
125,3,1768.63,648.92,101.85,262.77,0.8870,-1,-1,-1
125,15,174.01,591.96,49.75,146.32,0.7028,-1,-1,-1
125,17,252.20,569.21,39.96,122.16,0.6661,-1,-1,-1
126,3,1772.79,650.98,103.28,263.08,0.8653,-1,-1,-1
126,15,161.97,596.98,49.99,144.66,0.6634,-1,-1,-1
126,17,243.50,568.67,40.40,124.16,0.6098,-1,-1,-1
126,16,23.05,614.07,35.76,112.97,0.6075,-1,-1,-1
127,3,1776.89,652.64,104.89,265.43,0.8812,-1,-1,-1
127,15,153.23,602.42,49.13,142.54,0.7045,-1,-1,-1
127,17,236.86,569.91,38.89,125.87,0.6184,-1,-1,-1
128,3,1780.47,654.31,106.34,267.13,0.8832,-1,-1,-1
128,15,143.13,604.32,51.46,142.29,0.5974,-1,-1,-1
128,17,225.97,563.35,40.31,133.95,0.7105,-1,-1,-1
129,3,1785.66,656.55,109.21,269.22,0.8891,-1,-1,-1
129,15,131.43,602.59,49.33,148.14,0.6390,-1,-1,-1
130,3,1788.27,658.01,112.22,272.41,0.8874,-1,-1,-1
130,15,123.24,605.51,51.30,145.88,0.3298,-1,-1,-1
131,3,1791.38,658.50,115.63,277.62,0.8856,-1,-1,-1
131,15,108.11,602.22,49.21,152.06,0.5743,-1,-1,-1
132,3,1795.35,660.31,121.31,284.92,0.8840,-1,-1,-1
132,15,92.98,600.34,48.18,158.54,0.2526,-1,-1,-1
132,17,191.90,570.77,41.97,132.36,0.6497,-1,-1,-1
133,3,1801.49,662.06,118.71,291.81,0.8834,-1,-1,-1
133,15,81.29,597.82,46.78,164.38,0.6030,-1,-1,-1
133,17,182.72,570.12,43.29,133.94,0.5251,-1,-1,-1
134,3,1806.65,664.61,114.49,297.49,0.8729,-1,-1,-1
134,15,50.00,581.11,66.87,188.15,0.5534,-1,-1,-1
134,17,174.16,570.54,41.49,135.38,0.5262,-1,-1,-1
135,3,1811.20,665.70,110.03,303.00,0.8577,-1,-1,-1
135,15,31.73,575.59,74.40,197.25,0.6061,-1,-1,-1
135,17,166.10,572.81,41.03,134.99,0.5123,-1,-1,-1
136,3,1817.10,668.85,104.26,306.85,0.8741,-1,-1,-1
136,15,21.06,574.51,75.60,200.07,0.5640,-1,-1,-1
136,17,157.77,571.40,41.31,136.78,0.4351,-1,-1,-1
136,14,0.01,621.39,36.02,146.07,0.6875,-1,-1,-1
137,3,1824.05,676.80,97.17,308.47,0.8457,-1,-1,-1
137,15,13.36,573.66,72.58,203.21,0.6415,-1,-1,-1
137,17,149.41,574.51,40.20,134.65,0.3563,-1,-1,-1
137,14,-1.90,636.04,27.86,134.87,0.5167,-1,-1,-1
138,3,1830.34,678.37,90.71,311.72,0.8573,-1,-1,-1
138,15,6.49,572.20,66.28,207.67,0.7008,-1,-1,-1
138,17,140.09,574.43,42.04,136.82,0.5188,-1,-1,-1
139,3,1832.85,679.14,87.78,315.43,0.8509,-1,-1,-1
139,15,2.35,573.39,58.99,208.45,0.6203,-1,-1,-1
139,18,1567.07,554.13,40.35,109.22,0.7022,-1,-1,-1
140,3,1839.68,682.30,81.04,313.05,0.8403,-1,-1,-1
140,15,-2.54,573.17,51.22,212.00,0.6805,-1,-1,-1
140,18,1566.11,551.29,36.69,110.26,0.7206,-1,-1,-1
141,3,1847.78,681.17,72.71,309.27,0.7543,-1,-1,-1
141,15,-3.80,577.05,42.81,210.95,0.6519,-1,-1,-1
141,18,1564.09,550.68,37.09,110.16,0.7417,-1,-1,-1
142,3,1854.98,693.52,65.36,298.72,0.7025,-1,-1,-1
142,18,1561.59,551.95,38.65,107.37,0.7330,-1,-1,-1
143,3,1861.12,702.84,58.88,295.46,0.6258,-1,-1,-1
143,18,1557.64,553.05,39.24,108.62,0.7447,-1,-1,-1
144,3,1867.03,715.02,52.63,262.28,0.5063,-1,-1,-1
144,18,1553.41,555.67,38.29,109.37,0.6594,-1,-1,-1
145,3,1873.96,730.00,45.44,237.82,0.3147,-1,-1,-1
145,18,1549.01,556.34,37.58,108.61,0.8172,-1,-1,-1
146,18,1544.79,555.01,38.94,110.27,0.7423,-1,-1,-1
146,19,1694.84,573.84,39.20,99.63,0.6988,-1,-1,-1
147,18,1540.69,557.15,38.84,109.53,0.5688,-1,-1,-1
147,19,1695.54,573.55,36.38,102.70,0.6543,-1,-1,-1
148,18,1533.54,556.58,42.01,111.40,0.6796,-1,-1,-1
148,19,1686.34,570.63,43.90,104.73,0.5655,-1,-1,-1
149,18,1521.34,556.65,50.53,113.13,0.7678,-1,-1,-1
149,19,1680.65,570.71,44.52,104.47,0.3086,-1,-1,-1
150,18,1514.30,559.02,55.87,110.87,0.7319,-1,-1,-1
150,19,1678.74,566.51,43.36,106.03,0.7138,-1,-1,-1
151,18,1510.40,560.69,57.22,110.51,0.7475,-1,-1,-1
151,19,1675.35,566.74,43.38,106.65,0.6778,-1,-1,-1
152,18,1508.53,559.76,54.04,111.56,0.6887,-1,-1,-1
152,19,1672.33,566.74,43.24,104.56,0.5722,-1,-1,-1
153,18,1503.01,558.91,55.01,110.72,0.6878,-1,-1,-1
153,19,1671.85,566.93,39.75,95.27,0.4939,-1,-1,-1
154,18,1498.75,554.64,50.14,112.72,0.7240,-1,-1,-1
154,19,1671.53,571.76,35.72,87.38,0.3444,-1,-1,-1
155,18,1492.71,553.17,47.90,112.81,0.7526,-1,-1,-1
156,18,1488.42,551.96,44.17,114.51,0.6995,-1,-1,-1
157,18,1482.86,550.99,42.65,113.43,0.8137,-1,-1,-1
158,18,1476.56,547.92,42.77,116.65,0.8232,-1,-1,-1
158,20,394.38,538.58,27.80,77.30,0.6711,-1,-1,-1
159,18,1471.01,545.50,42.62,119.05,0.7914,-1,-1,-1
159,20,389.17,537.40,27.10,78.73,0.6403,-1,-1,-1
160,18,1466.56,546.12,42.74,119.46,0.6472,-1,-1,-1
160,20,381.37,538.89,28.82,80.13,0.5438,-1,-1,-1
161,18,1463.06,546.78,41.96,117.10,0.6955,-1,-1,-1
161,20,376.60,538.94,29.04,80.18,0.5514,-1,-1,-1
162,18,1459.26,548.33,42.00,113.43,0.7722,-1,-1,-1
162,20,371.80,540.21,29.95,78.91,0.6227,-1,-1,-1
163,18,1452.46,549.99,44.55,112.22,0.7975,-1,-1,-1
163,20,366.02,540.62,29.07,79.52,0.3566,-1,-1,-1
164,18,1447.55,548.93,45.29,113.20,0.7766,-1,-1,-1
164,20,361.62,540.40,30.21,80.19,0.6164,-1,-1,-1
165,18,1440.29,548.43,47.57,114.58,0.7224,-1,-1,-1
165,20,356.22,542.37,29.89,79.22,0.5529,-1,-1,-1
166,18,1434.81,547.41,47.99,114.87,0.6289,-1,-1,-1
166,20,350.83,544.20,29.54,77.65,0.5690,-1,-1,-1
167,18,1431.89,544.79,45.71,115.00,0.7524,-1,-1,-1
167,20,345.68,544.32,30.02,77.07,0.6880,-1,-1,-1
168,18,1428.83,542.13,43.22,117.41,0.7513,-1,-1,-1
168,20,340.02,543.71,30.36,77.67,0.4055,-1,-1,-1
169,18,1425.51,542.06,41.33,119.31,0.7627,-1,-1,-1
169,20,334.79,544.33,32.90,78.39,0.5326,-1,-1,-1
170,18,1421.79,538.91,40.46,122.37,0.7367,-1,-1,-1
170,20,330.89,544.18,30.71,77.71,0.5509,-1,-1,-1
171,18,1416.80,539.43,41.68,122.34,0.5731,-1,-1,-1
171,20,326.02,545.11,30.72,76.24,0.6164,-1,-1,-1
172,18,1411.47,535.70,42.77,125.24,0.6730,-1,-1,-1
172,20,321.55,543.36,30.52,76.53,0.6341,-1,-1,-1
173,18,1407.18,533.80,42.73,127.36,0.6198,-1,-1,-1
173,20,316.38,541.30,30.73,81.56,0.4814,-1,-1,-1
174,18,1403.24,533.19,44.50,128.65,0.7595,-1,-1,-1
174,20,311.65,542.65,32.66,80.03,0.6382,-1,-1,-1
175,18,1394.28,533.63,51.23,128.67,0.6797,-1,-1,-1
175,20,307.15,542.39,34.05,78.98,0.5455,-1,-1,-1
176,18,1388.29,535.78,54.55,126.75,0.6800,-1,-1,-1
176,20,302.16,543.02,33.39,79.04,0.6694,-1,-1,-1
177,18,1384.75,534.27,55.90,129.24,0.6175,-1,-1,-1
177,20,298.15,542.85,33.25,77.67,0.7438,-1,-1,-1
178,18,1385.65,534.85,51.93,129.05,0.6680,-1,-1,-1
178,20,294.94,543.06,32.65,79.21,0.6518,-1,-1,-1
179,18,1386.98,535.51,47.98,127.88,0.7513,-1,-1,-1
179,20,290.81,540.41,32.54,83.48,0.5701,-1,-1,-1
180,18,1385.30,536.68,46.10,127.07,0.7864,-1,-1,-1
180,20,285.56,543.41,34.72,81.79,0.5356,-1,-1,-1
181,18,1383.10,536.92,44.11,126.64,0.8634,-1,-1,-1
181,20,281.80,543.98,34.36,82.67,0.5871,-1,-1,-1
182,18,1379.79,536.74,43.92,127.33,0.8897,-1,-1,-1
182,20,276.38,543.57,34.39,83.37,0.4997,-1,-1,-1
183,18,1375.66,536.61,44.05,128.53,0.8938,-1,-1,-1
183,20,272.48,543.09,33.89,86.24,0.7648,-1,-1,-1
184,18,1372.24,536.18,43.57,129.62,0.8943,-1,-1,-1
184,20,268.19,544.97,32.88,85.64,0.6026,-1,-1,-1
185,18,1370.44,534.68,43.30,131.44,0.8583,-1,-1,-1
185,20,264.10,546.69,32.84,84.03,0.6532,-1,-1,-1
186,18,1369.41,533.37,42.30,132.98,0.7871,-1,-1,-1
186,20,260.10,546.99,33.89,84.88,0.6203,-1,-1,-1
187,18,1367.08,533.15,42.16,134.23,0.6213,-1,-1,-1
187,20,255.33,547.94,34.65,85.99,0.7111,-1,-1,-1
188,18,1364.39,534.00,43.45,135.67,0.6630,-1,-1,-1
188,20,250.96,549.44,34.68,85.94,0.6634,-1,-1,-1
189,18,1360.16,534.22,46.55,135.58,0.6388,-1,-1,-1
189,20,246.77,549.78,36.00,88.61,0.5924,-1,-1,-1
190,18,1357.14,536.71,48.25,132.01,0.6862,-1,-1,-1
190,20,242.25,549.85,35.27,90.57,0.4782,-1,-1,-1
191,18,1354.65,538.02,49.53,130.93,0.6506,-1,-1,-1
191,20,238.19,552.48,35.12,89.90,0.6403,-1,-1,-1
192,18,1352.87,541.88,48.92,125.64,0.6453,-1,-1,-1
192,20,234.01,552.40,37.36,89.66,0.6688,-1,-1,-1
193,18,1350.35,542.95,49.75,126.41,0.6745,-1,-1,-1
193,20,229.21,555.47,38.34,88.06,0.7293,-1,-1,-1
194,18,1348.02,543.07,49.15,126.53,0.7533,-1,-1,-1
194,20,226.30,559.23,35.60,86.09,0.7271,-1,-1,-1
195,18,1346.49,542.43,49.44,127.80,0.7668,-1,-1,-1
195,20,223.00,560.18,33.92,84.58,0.6146,-1,-1,-1
196,18,1345.86,542.54,48.28,128.39,0.6744,-1,-1,-1
196,20,217.96,560.33,35.16,87.00,0.4947,-1,-1,-1
197,18,1345.10,541.28,47.29,128.78,0.4524,-1,-1,-1
197,20,213.99,561.55,35.21,86.41,0.6062,-1,-1,-1
198,18,1345.17,544.27,44.28,126.95,0.3840,-1,-1,-1
198,20,210.79,561.81,35.70,87.66,0.6808,-1,-1,-1
199,18,1344.60,545.54,44.57,125.35,0.6431,-1,-1,-1
199,20,206.84,562.28,35.37,88.11,0.6384,-1,-1,-1
200,18,1343.39,546.43,45.94,125.64,0.6510,-1,-1,-1
200,20,202.60,563.05,36.09,89.20,0.6194,-1,-1,-1
201,18,1342.46,548.04,46.21,124.27,0.7047,-1,-1,-1
201,20,199.30,563.35,36.08,89.67,0.5733,-1,-1,-1
202,18,1340.44,549.01,47.38,124.83,0.7456,-1,-1,-1
202,20,194.34,563.10,36.01,93.22,0.5678,-1,-1,-1
202,21,1619.96,554.07,51.76,123.98,0.6591,-1,-1,-1
203,18,1337.91,550.19,48.25,123.31,0.8088,-1,-1,-1
203,20,190.12,563.62,37.06,93.36,0.6137,-1,-1,-1
203,21,1622.11,555.34,51.25,123.96,0.6271,-1,-1,-1
204,18,1336.55,549.62,48.24,124.31,0.8170,-1,-1,-1
204,20,186.87,565.36,38.42,92.34,0.6165,-1,-1,-1
204,21,1631.04,553.68,46.77,121.16,0.6904,-1,-1,-1
205,18,1335.57,547.05,47.43,126.77,0.8381,-1,-1,-1
205,20,182.09,566.47,38.70,91.66,0.4954,-1,-1,-1
205,21,1633.53,556.89,45.57,117.59,0.5398,-1,-1,-1
206,18,1335.14,546.80,46.81,127.46,0.8739,-1,-1,-1
206,20,178.48,567.37,38.37,91.47,0.7501,-1,-1,-1
206,21,1635.31,558.29,46.52,117.37,0.4967,-1,-1,-1
207,18,1334.07,547.20,46.66,128.47,0.8983,-1,-1,-1
207,20,174.80,569.74,38.08,91.30,0.7065,-1,-1,-1
207,21,1633.99,560.24,50.73,117.36,0.4424,-1,-1,-1
208,18,1333.04,547.42,47.13,129.10,0.9002,-1,-1,-1
208,20,170.70,569.86,39.11,91.79,0.3100,-1,-1,-1
208,21,1645.06,562.00,42.69,116.45,0.5384,-1,-1,-1
209,18,1331.61,545.72,47.60,131.66,0.8955,-1,-1,-1
209,20,166.91,568.68,37.82,93.76,0.6362,-1,-1,-1
209,21,1649.03,561.26,41.16,119.63,0.7625,-1,-1,-1
210,18,1330.17,544.10,47.69,133.88,0.8722,-1,-1,-1
210,20,163.31,570.51,37.22,94.16,0.5604,-1,-1,-1
210,21,1650.53,562.84,43.29,118.98,0.6006,-1,-1,-1
211,18,1329.40,545.87,46.81,133.57,0.8539,-1,-1,-1
211,20,159.20,572.13,40.61,95.42,0.6731,-1,-1,-1
211,21,1655.44,568.63,42.20,115.57,0.5962,-1,-1,-1
212,18,1329.10,545.76,46.50,133.44,0.8649,-1,-1,-1
212,20,156.41,572.45,39.51,95.74,0.7117,-1,-1,-1
212,21,1659.51,563.73,43.26,121.47,0.6124,-1,-1,-1
213,18,1330.19,547.16,46.26,133.93,0.8693,-1,-1,-1
213,20,153.80,573.40,40.54,95.62,0.6740,-1,-1,-1
213,21,1660.16,563.86,48.52,122.55,0.4448,-1,-1,-1
214,18,1330.82,546.64,47.02,134.68,0.7876,-1,-1,-1
214,20,150.96,574.72,41.66,94.65,0.6825,-1,-1,-1
214,21,1667.03,563.46,46.98,123.09,0.6148,-1,-1,-1
215,18,1331.21,546.11,47.71,136.86,0.7672,-1,-1,-1
215,20,149.46,573.30,41.85,94.67,0.6949,-1,-1,-1
215,21,1673.12,561.52,45.49,125.71,0.6822,-1,-1,-1
216,18,1333.22,549.87,46.53,135.68,0.7896,-1,-1,-1
216,20,149.45,574.25,39.20,93.52,0.4389,-1,-1,-1
216,21,1677.22,565.14,44.71,123.49,0.7345,-1,-1,-1
217,18,1334.64,550.43,46.50,135.77,0.7757,-1,-1,-1
217,20,146.54,573.69,40.76,93.38,0.3522,-1,-1,-1
217,21,1680.56,564.28,45.67,122.85,0.5414,-1,-1,-1
218,18,1335.85,549.30,46.49,136.22,0.6346,-1,-1,-1
218,20,146.46,573.81,38.55,92.70,0.2550,-1,-1,-1
218,21,1686.69,564.02,49.25,122.58,0.5117,-1,-1,-1
219,18,1337.29,549.20,46.88,137.38,0.5050,-1,-1,-1
219,20,141.42,574.10,37.33,93.22,0.5168,-1,-1,-1
219,21,1694.97,564.39,46.33,123.29,0.7124,-1,-1,-1
220,18,1339.03,547.72,47.13,139.46,0.4285,-1,-1,-1
220,20,137.72,575.82,37.30,94.66,0.5158,-1,-1,-1
220,21,1699.14,565.79,47.02,121.50,0.6712,-1,-1,-1
221,18,1342.97,546.74,45.99,140.73,0.5643,-1,-1,-1
221,20,134.18,575.86,38.22,95.00,0.5513,-1,-1,-1
221,21,1705.06,569.02,44.53,119.72,0.5338,-1,-1,-1
222,18,1345.11,545.96,46.56,138.92,0.6283,-1,-1,-1
222,20,130.76,575.15,38.88,96.28,0.5591,-1,-1,-1
223,18,1346.91,547.83,46.74,138.98,0.7377,-1,-1,-1
223,20,128.96,575.88,38.95,96.21,0.6076,-1,-1,-1
223,21,1720.32,566.20,43.85,122.23,0.6722,-1,-1,-1
224,18,1348.20,545.45,47.72,140.83,0.6691,-1,-1,-1
224,20,127.75,577.65,39.95,95.55,0.5779,-1,-1,-1
224,21,1724.81,563.56,44.37,123.81,0.6002,-1,-1,-1
225,18,1350.72,545.78,47.59,139.09,0.8675,-1,-1,-1
225,20,126.32,578.37,40.22,95.85,0.6090,-1,-1,-1
225,21,1732.10,557.67,48.82,127.20,0.6820,-1,-1,-1
226,18,1352.48,546.25,47.89,138.65,0.8088,-1,-1,-1
226,20,125.48,584.35,41.77,93.91,0.5337,-1,-1,-1
226,21,1738.83,558.44,49.43,124.03,0.6149,-1,-1,-1
227,18,1355.05,547.72,47.62,139.20,0.6967,-1,-1,-1
227,20,124.30,585.29,40.94,94.68,0.2937,-1,-1,-1
227,21,1744.81,558.80,49.53,125.35,0.6267,-1,-1,-1
228,18,1357.24,546.32,47.69,143.11,0.5331,-1,-1,-1
228,20,120.43,585.56,37.05,96.61,0.3675,-1,-1,-1
228,21,1751.41,554.65,51.91,129.35,0.5216,-1,-1,-1
229,18,1359.17,546.93,47.68,142.76,0.6375,-1,-1,-1
229,20,118.29,585.59,34.19,97.63,0.4670,-1,-1,-1
229,21,1755.50,559.29,55.74,125.77,0.4107,-1,-1,-1
230,18,1362.01,547.44,48.21,141.87,0.5629,-1,-1,-1
230,20,117.60,586.38,34.68,98.00,0.3043,-1,-1,-1
230,21,1764.90,556.14,53.30,126.15,0.3753,-1,-1,-1
231,18,1363.64,550.15,48.80,139.62,0.4059,-1,-1,-1
231,20,116.08,587.71,34.45,97.41,0.4125,-1,-1,-1
231,21,1775.61,555.01,53.54,127.93,0.6913,-1,-1,-1
232,18,1366.76,550.82,47.71,139.98,0.7335,-1,-1,-1
232,20,113.39,589.22,36.13,96.20,0.3083,-1,-1,-1
232,21,1785.38,555.04,52.88,127.38,0.5365,-1,-1,-1
233,18,1369.00,549.50,48.21,141.80,0.5177,-1,-1,-1
233,20,111.84,588.27,37.37,97.74,0.2909,-1,-1,-1
233,21,1784.24,558.90,64.57,127.03,0.3610,-1,-1,-1
234,18,1371.52,551.42,49.19,140.55,0.6475,-1,-1,-1
234,20,109.68,589.10,37.82,98.26,0.4193,-1,-1,-1
234,21,1789.70,559.55,68.80,129.60,0.2907,-1,-1,-1
235,18,1374.73,552.54,49.36,138.00,0.6557,-1,-1,-1
235,21,1807.60,558.70,57.36,129.22,0.4914,-1,-1,-1
236,18,1377.76,552.33,51.31,138.72,0.5865,-1,-1,-1
236,21,1821.63,552.99,56.47,128.45,0.5653,-1,-1,-1
237,18,1380.64,551.12,53.67,140.23,0.4104,-1,-1,-1
237,21,1833.52,549.01,55.16,130.25,0.4583,-1,-1,-1
238,18,1384.00,550.99,51.54,141.22,0.7026,-1,-1,-1
238,21,1838.08,546.47,64.56,137.88,0.4672,-1,-1,-1
239,18,1386.79,549.87,51.29,141.54,0.6978,-1,-1,-1
239,21,1847.46,545.10,69.08,138.79,0.4953,-1,-1,-1
240,18,1390.84,549.16,51.52,142.91,0.2845,-1,-1,-1
240,21,1859.61,543.47,62.34,136.52,0.4207,-1,-1,-1
241,18,1395.68,548.56,49.33,144.39,0.4911,-1,-1,-1
241,21,1869.65,545.97,53.99,138.65,0.4673,-1,-1,-1
242,18,1400.84,549.10,47.77,144.97,0.6239,-1,-1,-1
243,18,1405.56,549.47,46.48,144.98,0.6863,-1,-1,-1
244,18,1410.31,551.14,46.94,142.18,0.7055,-1,-1,-1
245,18,1417.36,554.84,45.71,139.27,0.5699,-1,-1,-1
246,18,1422.23,554.54,46.27,140.43,0.7900,-1,-1,-1
247,18,1428.24,553.80,45.73,143.63,0.7386,-1,-1,-1
248,18,1434.15,552.37,46.57,146.76,0.6339,-1,-1,-1
249,18,1441.86,549.48,45.25,149.78,0.6125,-1,-1,-1
250,18,1447.09,547.61,46.49,150.84,0.6246,-1,-1,-1
251,18,1454.19,542.19,44.99,158.25,0.4728,-1,-1,-1
252,18,1461.39,542.69,45.09,155.94,0.4059,-1,-1,-1
253,18,1468.84,540.00,44.50,157.76,0.4525,-1,-1,-1
254,18,1473.89,539.00,49.38,158.14,0.6243,-1,-1,-1
255,18,1481.33,536.07,47.98,159.77,0.6075,-1,-1,-1
256,18,1489.17,538.17,47.81,157.21,0.6243,-1,-1,-1
257,18,1498.05,536.83,45.10,155.92,0.7091,-1,-1,-1
258,18,1505.62,543.01,46.01,151.16,0.4871,-1,-1,-1
259,18,1513.66,548.49,48.21,146.50,0.5260,-1,-1,-1
260,18,1514.24,549.43,60.91,148.09,0.7229,-1,-1,-1
261,18,1519.92,551.41,65.25,146.08,0.5470,-1,-1,-1
262,18,1521.89,560.84,74.92,136.69,0.3495,-1,-1,-1
276,22,19.83,601.21,47.06,102.92,0.7179,-1,-1,-1
276,18,1657.26,581.50,73.45,231.04,0.6384,-1,-1,-1
277,22,22.78,599.85,45.69,104.35,0.7019,-1,-1,-1
277,18,1670.02,588.47,77.72,229.75,0.3173,-1,-1,-1
278,22,23.06,599.39,44.39,105.84,0.6723,-1,-1,-1
278,18,1681.22,594.49,82.20,231.31,0.4130,-1,-1,-1
279,22,25.53,598.80,46.93,107.74,0.7348,-1,-1,-1
279,18,1694.32,597.53,85.72,233.81,0.6664,-1,-1,-1
280,22,26.69,600.25,47.53,110.31,0.7492,-1,-1,-1
280,18,1714.43,604.39,85.08,235.67,0.2951,-1,-1,-1
281,22,26.84,601.39,49.41,112.18,0.7073,-1,-1,-1
281,18,1723.55,608.27,99.99,236.92,0.6720,-1,-1,-1
282,22,27.42,603.76,49.71,110.65,0.6762,-1,-1,-1
282,18,1732.90,610.76,113.59,238.92,0.6870,-1,-1,-1
283,22,29.86,608.48,49.52,108.91,0.7322,-1,-1,-1
283,18,1769.00,610.84,100.50,241.44,0.6773,-1,-1,-1
284,22,32.64,610.11,48.45,109.67,0.7565,-1,-1,-1
284,18,1793.86,609.88,100.74,245.32,0.8429,-1,-1,-1
285,22,35.41,612.29,47.16,110.10,0.7641,-1,-1,-1
285,18,1819.61,612.94,96.50,245.77,0.8473,-1,-1,-1
286,22,36.76,612.57,46.49,112.68,0.8272,-1,-1,-1
286,18,1841.63,613.33,81.84,249.48,0.8014,-1,-1,-1
286,23,1776.30,547.07,65.90,190.55,0.7838,-1,-1,-1
287,22,37.68,613.58,47.75,113.53,0.8026,-1,-1,-1
287,18,1863.42,616.22,61.42,249.64,0.7888,-1,-1,-1
287,23,1790.17,548.31,69.64,192.21,0.6594,-1,-1,-1
288,22,38.45,614.35,49.68,113.04,0.7919,-1,-1,-1
288,23,1804.42,547.76,69.94,194.86,0.7709,-1,-1,-1
289,22,39.03,616.83,50.27,112.84,0.7642,-1,-1,-1
289,23,1818.84,546.32,75.25,197.19,0.8162,-1,-1,-1
290,22,40.36,614.95,51.01,114.44,0.7526,-1,-1,-1
290,23,1833.74,544.00,73.30,198.91,0.8631,-1,-1,-1
291,22,42.77,615.72,50.32,115.92,0.6434,-1,-1,-1
291,23,1848.38,542.66,71.64,201.60,0.8022,-1,-1,-1
292,22,44.35,615.36,50.65,117.92,0.6668,-1,-1,-1
292,23,1861.82,542.20,61.59,203.75,0.7637,-1,-1,-1
293,22,46.95,615.83,51.57,121.68,0.7300,-1,-1,-1
293,23,1876.49,541.35,47.11,207.22,0.7753,-1,-1,-1
294,22,47.22,617.46,53.11,121.43,0.6862,-1,-1,-1
295,22,47.37,620.17,54.53,120.19,0.6342,-1,-1,-1
296,22,47.92,621.17,55.78,119.49,0.6361,-1,-1,-1
297,22,48.36,621.70,56.53,119.85,0.5729,-1,-1,-1
298,22,48.76,621.34,56.24,120.27,0.6386,-1,-1,-1
299,22,49.46,622.56,55.95,119.49,0.6558,-1,-1,-1
300,22,49.74,621.53,56.62,121.56,0.5828,-1,-1,-1
301,22,51.32,623.38,54.57,120.37,0.4689,-1,-1,-1
302,22,52.62,623.03,54.54,120.54,0.4617,-1,-1,-1
303,22,48.97,627.31,55.82,121.75,0.5165,-1,-1,-1
304,22,50.42,628.63,55.93,122.29,0.5547,-1,-1,-1
305,22,49.15,634.11,57.23,120.18,0.5618,-1,-1,-1
306,22,48.51,635.60,57.56,118.75,0.5502,-1,-1,-1
307,22,47.08,635.55,58.05,120.58,0.5330,-1,-1,-1
308,22,45.33,637.72,59.19,123.98,0.3004,-1,-1,-1
309,22,45.31,637.89,59.50,125.07,0.3342,-1,-1,-1
310,22,42.50,638.72,60.07,126.12,0.2808,-1,-1,-1
311,22,40.80,640.99,61.78,127.07,0.4675,-1,-1,-1
312,22,38.99,640.80,62.79,126.78,0.3882,-1,-1,-1
313,22,38.19,642.97,63.55,128.93,0.5764,-1,-1,-1
314,22,36.24,644.59,62.77,129.05,0.3153,-1,-1,-1
315,22,35.32,644.79,62.05,129.59,0.3013,-1,-1,-1
316,22,33.33,645.23,59.82,130.27,0.4214,-1,-1,-1
317,22,32.33,645.60,58.40,131.97,0.4439,-1,-1,-1
318,22,31.54,645.43,59.04,134.18,0.4004,-1,-1,-1
319,22,31.46,646.72,58.33,134.72,0.3958,-1,-1,-1
320,22,28.05,646.77,59.20,135.92,0.3316,-1,-1,-1
321,22,25.79,647.47,59.70,136.86,0.3440,-1,-1,-1
322,22,23.71,647.18,60.06,138.05,0.3071,-1,-1,-1
327,22,6.04,647.19,62.82,137.38,0.6186,-1,-1,-1
328,22,2.56,649.81,63.19,137.52,0.5295,-1,-1,-1
329,22,7.49,647.30,54.81,137.58,0.6488,-1,-1,-1
330,22,7.12,647.27,49.66,136.45,0.6939,-1,-1,-1
331,22,5.76,645.90,47.12,137.15,0.7156,-1,-1,-1
332,22,2.75,643.62,45.11,136.02,0.6238,-1,-1,-1
333,22,-0.14,645.67,42.67,134.77,0.3780,-1,-1,-1
334,22,-1.12,645.53,38.50,134.06,0.6940,-1,-1,-1
335,22,-0.80,643.53,33.29,137.25,0.3771,-1,-1,-1
336,22,-0.90,642.47,28.14,140.41,0.7386,-1,-1,-1
337,22,-0.62,645.31,22.65,139.55,0.4567,-1,-1,-1
338,22,-0.57,659.74,19.04,129.22,0.3998,-1,-1,-1
340,25,1430.12,595.66,93.61,169.19,0.7802,-1,-1,-1
341,25,1433.41,599.45,89.90,172.87,0.7899,-1,-1,-1
342,25,1424.32,601.25,93.16,177.29,0.7567,-1,-1,-1
343,25,1437.49,610.16,77.46,173.30,0.5940,-1,-1,-1
344,25,1440.91,615.34,72.23,173.59,0.7312,-1,-1,-1
345,25,1443.05,619.76,69.24,177.94,0.6454,-1,-1,-1
346,25,1441.17,622.08,67.93,181.88,0.6112,-1,-1,-1
347,25,1433.45,625.76,76.00,185.65,0.6687,-1,-1,-1
348,25,1440.62,629.28,70.17,187.21,0.7042,-1,-1,-1
349,25,1442.07,632.83,73.54,190.16,0.7270,-1,-1,-1
350,25,1441.74,635.66,77.81,192.31,0.5853,-1,-1,-1
351,25,1440.72,642.94,81.60,190.15,0.8076,-1,-1,-1
352,25,1432.76,650.85,93.30,189.23,0.2820,-1,-1,-1
353,25,1434.34,652.08,93.59,191.46,0.7787,-1,-1,-1
354,25,1443.18,655.34,85.63,194.78,0.7563,-1,-1,-1
355,25,1445.85,656.83,84.74,196.52,0.6609,-1,-1,-1
356,25,1442.18,658.87,91.26,198.47,0.7697,-1,-1,-1
357,25,1447.68,664.89,86.75,198.00,0.7735,-1,-1,-1
358,25,1451.01,669.66,83.42,196.12,0.7740,-1,-1,-1
359,25,1451.46,676.32,82.81,197.39,0.7306,-1,-1,-1
359,27,1577.44,648.92,93.46,196.28,0.7049,-1,-1,-1
360,25,1453.22,681.03,81.30,197.94,0.7757,-1,-1,-1
360,27,1581.20,656.32,90.80,195.02,0.6691,-1,-1,-1
361,25,1453.92,683.37,75.23,201.00,0.7978,-1,-1,-1
361,27,1580.83,659.54,92.54,196.86,0.6939,-1,-1,-1
362,25,1454.54,684.61,75.82,205.10,0.8170,-1,-1,-1
362,27,1582.86,660.47,89.92,202.60,0.6459,-1,-1,-1
363,25,1454.57,682.73,76.75,212.46,0.8027,-1,-1,-1
363,27,1583.72,660.66,85.66,206.54,0.5965,-1,-1,-1
364,25,1452.25,689.09,82.36,216.45,0.8085,-1,-1,-1
364,27,1582.67,661.78,80.98,214.23,0.7301,-1,-1,-1
365,25,1448.99,692.22,87.88,220.84,0.8059,-1,-1,-1
365,27,1582.45,664.51,77.03,216.67,0.6901,-1,-1,-1
366,25,1448.46,697.07,93.63,224.13,0.7840,-1,-1,-1
366,27,1580.38,663.44,78.32,220.57,0.7559,-1,-1,-1
367,25,1451.46,704.19,92.85,224.02,0.7959,-1,-1,-1
367,27,1578.73,663.43,80.20,229.44,0.7160,-1,-1,-1
368,25,1454.24,709.92,92.61,225.38,0.7923,-1,-1,-1
368,27,1577.13,666.16,84.37,232.93,0.6716,-1,-1,-1
369,25,1458.16,710.38,91.48,229.40,0.6119,-1,-1,-1
369,27,1575.63,665.08,89.15,237.03,0.6727,-1,-1,-1
370,25,1459.19,715.67,91.92,229.82,0.6589,-1,-1,-1
370,27,1565.51,663.82,100.10,241.56,0.7165,-1,-1,-1
371,25,1460.55,718.99,91.71,230.05,0.7708,-1,-1,-1
371,27,1557.99,664.60,109.66,242.02,0.7570,-1,-1,-1
372,25,1460.49,720.29,92.95,232.65,0.7895,-1,-1,-1
372,27,1555.83,666.70,113.71,244.28,0.7395,-1,-1,-1
373,25,1459.73,720.99,94.33,235.36,0.7962,-1,-1,-1
373,27,1555.92,669.55,114.75,246.37,0.7556,-1,-1,-1
374,25,1456.27,723.13,94.69,237.74,0.7850,-1,-1,-1
374,27,1558.05,674.18,113.31,246.89,0.6167,-1,-1,-1
375,25,1455.29,723.82,89.16,240.59,0.8034,-1,-1,-1
375,27,1559.22,678.16,109.92,244.23,0.6226,-1,-1,-1
376,25,1455.78,725.25,83.27,242.28,0.8134,-1,-1,-1
376,27,1558.05,678.62,106.53,244.88,0.6598,-1,-1,-1
377,25,1455.76,725.37,81.73,246.37,0.8076,-1,-1,-1
377,27,1554.63,678.98,104.01,242.71,0.7163,-1,-1,-1
378,25,1456.99,725.92,80.39,251.28,0.8008,-1,-1,-1
378,27,1549.99,680.91,103.10,245.55,0.7500,-1,-1,-1
379,25,1456.78,725.90,79.27,258.51,0.7926,-1,-1,-1
379,27,1546.46,680.99,100.20,247.33,0.7255,-1,-1,-1
380,25,1455.06,725.77,79.00,264.76,0.7758,-1,-1,-1
380,27,1541.85,679.39,97.96,251.13,0.7804,-1,-1,-1
381,25,1452.86,725.55,87.28,269.55,0.7775,-1,-1,-1
381,27,1532.39,679.24,92.49,256.67,0.6598,-1,-1,-1
382,25,1450.35,729.00,89.69,271.67,0.7506,-1,-1,-1
382,27,1530.79,679.75,84.46,258.72,0.6288,-1,-1,-1
383,25,1447.02,734.58,94.57,270.94,0.7972,-1,-1,-1
383,27,1527.87,683.50,82.60,257.08,0.6439,-1,-1,-1
384,25,1443.71,739.07,99.60,272.26,0.8027,-1,-1,-1
384,27,1520.46,686.04,88.18,257.57,0.6862,-1,-1,-1
385,25,1440.37,741.97,100.21,272.90,0.7893,-1,-1,-1
385,27,1517.37,689.17,90.95,253.82,0.6966,-1,-1,-1
386,25,1435.37,745.10,97.73,274.35,0.8148,-1,-1,-1
386,27,1513.07,695.77,93.98,251.51,0.7038,-1,-1,-1
387,25,1432.40,746.18,93.06,275.61,0.7922,-1,-1,-1
387,27,1507.48,691.64,96.37,257.51,0.7678,-1,-1,-1
388,25,1429.36,747.37,91.55,280.82,0.7552,-1,-1,-1
388,27,1497.87,683.43,101.20,271.73,0.6947,-1,-1,-1
389,25,1426.56,747.78,92.84,288.16,0.7293,-1,-1,-1
389,27,1489.37,683.86,107.66,275.28,0.7663,-1,-1,-1
390,25,1417.44,749.21,98.70,292.21,0.7357,-1,-1,-1
390,27,1485.24,689.13,108.30,270.06,0.7006,-1,-1,-1
391,25,1409.24,752.13,108.36,297.21,0.6841,-1,-1,-1
391,27,1480.66,704.19,109.55,250.64,0.6644,-1,-1,-1
392,25,1399.83,753.68,108.52,299.30,0.7559,-1,-1,-1
392,27,1470.66,708.42,111.42,251.41,0.4820,-1,-1,-1
393,25,1394.41,759.21,111.97,298.93,0.6294,-1,-1,-1
394,25,1387.76,764.72,108.69,299.72,0.5589,-1,-1,-1
395,25,1380.43,767.86,103.60,301.57,0.7291,-1,-1,-1
396,25,1371.84,770.30,104.83,305.27,0.8270,-1,-1,-1
396,28,1161.81,648.29,71.29,223.91,0.6558,-1,-1,-1
397,25,1364.80,770.18,104.81,309.46,0.7675,-1,-1,-1
397,28,1150.02,649.14,73.44,228.47,0.6960,-1,-1,-1
398,25,1355.97,770.46,111.27,310.18,0.6067,-1,-1,-1
398,28,1140.73,649.02,75.08,236.88,0.6043,-1,-1,-1
399,28,1130.32,649.69,70.54,238.31,0.6970,-1,-1,-1
400,28,1112.85,652.00,90.05,261.55,0.6689,-1,-1,-1
401,28,1096.72,654.98,86.67,256.35,0.7637,-1,-1,-1
401,30,1279.63,554.14,44.60,129.84,0.6938,-1,-1,-1
401,25,1323.12,773.76,115.11,308.16,0.6146,-1,-1,-1
402,28,1076.60,656.20,98.35,254.77,0.7398,-1,-1,-1
402,25,1314.01,777.07,115.46,304.14,0.7625,-1,-1,-1
403,28,1059.03,657.04,108.53,274.15,0.7182,-1,-1,-1
403,25,1303.26,770.01,121.99,310.41,0.7030,-1,-1,-1
404,28,1059.12,659.76,99.52,281.80,0.7816,-1,-1,-1
404,25,1286.95,767.89,127.83,312.36,0.7957,-1,-1,-1
405,28,1045.55,662.01,100.02,283.16,0.7310,-1,-1,-1
405,25,1264.27,778.94,137.87,301.83,0.7191,-1,-1,-1
406,28,1017.05,662.35,113.27,285.22,0.8259,-1,-1,-1
406,25,1220.04,779.73,168.01,300.32,0.4798,-1,-1,-1
407,28,1004.64,665.93,111.41,287.25,0.6366,-1,-1,-1
407,25,1192.34,784.22,180.78,296.17,0.6854,-1,-1,-1
407,31,1277.83,547.69,45.97,102.16,0.6222,-1,-1,-1
408,28,994.28,667.90,106.35,289.71,0.7838,-1,-1,-1
408,25,1193.98,791.52,164.26,288.02,0.6450,-1,-1,-1
408,31,1264.58,542.54,46.48,105.98,0.7222,-1,-1,-1
409,28,968.77,666.74,115.76,294.57,0.7845,-1,-1,-1
409,25,1187.16,792.86,152.72,287.13,0.7704,-1,-1,-1
409,31,1249.90,545.87,50.63,105.33,0.5582,-1,-1,-1
410,28,945.65,668.35,117.15,295.36,0.8297,-1,-1,-1
410,25,1182.35,805.74,137.28,274.51,0.6603,-1,-1,-1
410,31,1237.59,542.59,50.40,106.09,0.6240,-1,-1,-1
411,28,931.88,669.07,116.08,295.45,0.6516,-1,-1,-1
411,25,1165.37,813.55,134.86,265.69,0.5276,-1,-1,-1
411,31,1225.55,544.32,49.87,107.60,0.5304,-1,-1,-1
412,28,903.95,668.27,129.44,300.91,0.8022,-1,-1,-1
412,25,1150.70,822.78,131.03,255.33,0.7496,-1,-1,-1
412,31,1212.47,540.41,48.39,110.57,0.6452,-1,-1,-1
413,28,891.43,670.28,127.16,300.10,0.7900,-1,-1,-1
413,25,1121.64,818.27,140.17,260.88,0.6811,-1,-1,-1
413,31,1197.23,541.18,49.41,110.44,0.5230,-1,-1,-1
414,28,867.55,671.92,118.16,302.22,0.8173,-1,-1,-1
414,25,1110.98,824.10,130.12,255.55,0.7183,-1,-1,-1
414,31,1182.50,539.80,50.41,113.92,0.6959,-1,-1,-1
415,28,840.76,672.23,119.91,305.68,0.8177,-1,-1,-1
415,25,1082.18,824.23,136.13,255.50,0.6685,-1,-1,-1
415,31,1165.69,537.26,52.27,115.88,0.6722,-1,-1,-1
416,28,814.24,672.46,115.14,307.95,0.8408,-1,-1,-1
416,25,1062.03,829.27,134.17,249.23,0.6439,-1,-1,-1
416,31,1148.91,536.59,51.54,116.16,0.6530,-1,-1,-1
417,28,785.94,675.45,115.86,309.30,0.7955,-1,-1,-1
417,25,1034.85,831.78,136.88,246.69,0.6030,-1,-1,-1
417,31,1134.66,533.40,53.94,114.72,0.3744,-1,-1,-1
418,28,755.20,676.21,115.55,311.59,0.8439,-1,-1,-1
418,25,1018.95,834.10,127.13,245.27,0.7182,-1,-1,-1
418,31,1118.95,530.36,54.14,119.22,0.6169,-1,-1,-1
419,28,719.69,676.92,122.21,315.25,0.7688,-1,-1,-1
419,25,1003.04,836.99,117.77,242.45,0.7662,-1,-1,-1
419,31,1103.22,530.12,53.07,118.85,0.6159,-1,-1,-1
420,28,688.00,680.31,127.72,314.99,0.8607,-1,-1,-1
420,25,975.94,837.89,117.39,241.86,0.6893,-1,-1,-1
420,31,1089.86,530.01,51.62,117.26,0.6006,-1,-1,-1
421,28,656.95,681.79,129.64,316.14,0.8646,-1,-1,-1
421,25,947.23,836.47,117.89,243.71,0.7078,-1,-1,-1
421,31,1073.31,530.19,51.57,120.23,0.5564,-1,-1,-1
422,28,625.60,680.64,137.23,323.19,0.8594,-1,-1,-1
422,25,916.45,843.26,119.91,236.41,0.8054,-1,-1,-1
422,31,1054.11,528.96,52.23,118.37,0.6252,-1,-1,-1
423,28,597.30,683.60,137.61,324.60,0.8424,-1,-1,-1
423,25,882.36,849.41,122.73,230.47,0.8242,-1,-1,-1
423,31,1034.00,528.01,55.34,119.42,0.6161,-1,-1,-1
424,28,561.51,689.23,147.18,323.46,0.8609,-1,-1,-1
424,25,855.35,856.53,118.30,222.66,0.7746,-1,-1,-1
424,31,1014.62,527.92,56.53,119.41,0.6705,-1,-1,-1
424,33,1536.32,609.39,66.98,171.10,0.6328,-1,-1,-1
425,28,521.24,688.95,151.92,328.52,0.8457,-1,-1,-1
425,25,822.34,862.08,118.68,217.57,0.7820,-1,-1,-1
425,31,995.00,527.78,56.13,121.98,0.5710,-1,-1,-1
425,33,1519.21,608.86,66.50,170.94,0.7008,-1,-1,-1
426,28,483.69,692.68,142.29,328.93,0.7342,-1,-1,-1
426,25,790.41,866.83,118.44,213.04,0.7484,-1,-1,-1
426,31,976.01,527.81,56.87,120.77,0.6136,-1,-1,-1
426,33,1506.25,607.74,63.81,171.07,0.5640,-1,-1,-1
426,34,1653.15,577.84,72.22,200.81,0.7916,-1,-1,-1
427,28,439.75,696.30,172.77,334.36,0.7904,-1,-1,-1
427,25,758.43,874.03,116.75,206.40,0.5992,-1,-1,-1
427,31,957.69,528.98,54.30,123.39,0.5403,-1,-1,-1
427,33,1487.10,606.95,66.91,173.49,0.5686,-1,-1,-1
427,34,1631.10,580.29,74.63,202.44,0.6263,-1,-1,-1
428,28,407.35,700.89,176.77,340.08,0.7122,-1,-1,-1
428,25,721.10,885.75,117.15,194.77,0.6279,-1,-1,-1
428,31,938.08,530.48,54.65,125.59,0.5816,-1,-1,-1
428,33,1469.74,607.47,68.13,177.84,0.4756,-1,-1,-1
428,34,1607.00,582.27,81.00,203.40,0.6783,-1,-1,-1
429,28,382.17,704.80,142.72,325.99,0.5200,-1,-1,-1
429,25,685.94,894.39,115.40,185.90,0.6626,-1,-1,-1
429,31,919.00,530.81,52.81,125.37,0.3687,-1,-1,-1
429,33,1451.85,609.39,70.08,180.56,0.5287,-1,-1,-1
429,34,1583.26,585.77,84.81,203.67,0.5095,-1,-1,-1
430,28,330.96,710.09,160.21,330.78,0.7962,-1,-1,-1
430,25,639.89,906.00,123.84,175.01,0.6682,-1,-1,-1
430,31,894.06,533.06,57.23,126.62,0.3722,-1,-1,-1
430,33,1435.50,611.32,71.78,186.42,0.6336,-1,-1,-1
430,34,1559.75,587.90,83.18,202.89,0.7779,-1,-1,-1
431,28,300.08,714.54,143.97,331.75,0.6615,-1,-1,-1
431,25,609.22,916.11,112.69,164.66,0.5485,-1,-1,-1
431,33,1414.87,616.24,74.66,183.46,0.5502,-1,-1,-1
431,34,1538.28,593.28,87.96,205.25,0.4923,-1,-1,-1
432,28,253.29,718.30,118.56,335.58,0.3297,-1,-1,-1
432,25,572.85,926.22,105.55,154.15,0.7025,-1,-1,-1
432,33,1399.77,618.80,76.95,180.19,0.4759,-1,-1,-1
432,34,1515.12,592.76,87.01,206.15,0.7021,-1,-1,-1
433,28,213.04,724.92,142.06,332.38,0.6517,-1,-1,-1
433,25,529.63,937.70,107.08,141.70,0.7080,-1,-1,-1
433,33,1380.08,625.23,83.03,178.73,0.3858,-1,-1,-1
433,34,1494.83,595.33,93.46,211.15,0.6190,-1,-1,-1
434,28,166.42,728.89,115.16,338.04,0.7516,-1,-1,-1
434,25,485.86,948.25,106.04,128.50,0.6999,-1,-1,-1
434,33,1360.99,629.05,83.81,177.98,0.6163,-1,-1,-1
434,34,1473.47,595.38,86.83,211.30,0.6525,-1,-1,-1
434,35,293.73,877.47,203.30,202.71,0.7574,-1,-1,-1
435,28,116.88,734.27,104.64,341.75,0.8030,-1,-1,-1
435,25,435.63,960.57,109.76,116.85,0.6801,-1,-1,-1
435,33,1341.71,630.89,83.73,179.71,0.6092,-1,-1,-1
435,34,1455.17,599.36,88.39,213.24,0.5129,-1,-1,-1
435,35,267.80,887.23,182.02,193.20,0.7665,-1,-1,-1
436,28,63.44,735.35,106.44,344.35,0.8383,-1,-1,-1
436,25,384.67,968.14,111.84,110.63,0.5857,-1,-1,-1
436,33,1322.20,630.99,85.00,180.74,0.7344,-1,-1,-1
436,34,1431.46,600.55,80.94,209.68,0.6412,-1,-1,-1
436,35,237.67,892.33,159.36,187.62,0.7940,-1,-1,-1
437,28,8.77,738.58,126.86,343.58,0.8109,-1,-1,-1
437,25,334.07,977.42,104.41,101.16,0.4463,-1,-1,-1
437,33,1301.82,632.97,86.64,183.10,0.7411,-1,-1,-1
437,34,1410.61,602.05,84.79,212.26,0.3416,-1,-1,-1
437,35,185.63,903.03,160.15,177.31,0.7928,-1,-1,-1
438,33,1281.54,631.57,86.68,183.79,0.6671,-1,-1,-1
438,34,1386.77,601.56,73.54,204.71,0.6970,-1,-1,-1
438,35,130.66,912.72,156.94,167.15,0.7594,-1,-1,-1
439,33,1262.97,632.40,79.77,183.57,0.6908,-1,-1,-1
439,34,1362.13,599.81,77.62,210.61,0.4967,-1,-1,-1
439,35,71.37,920.74,153.39,159.23,0.8077,-1,-1,-1
440,33,1240.67,638.91,84.27,185.04,0.5981,-1,-1,-1
440,34,1336.05,602.04,76.12,208.48,0.6359,-1,-1,-1
440,35,8.20,931.30,156.94,148.76,0.8325,-1,-1,-1
441,33,1220.68,637.79,80.50,192.01,0.6277,-1,-1,-1
441,34,1309.65,600.87,86.20,221.11,0.4570,-1,-1,-1
441,35,-12.21,942.46,110.54,137.27,0.7015,-1,-1,-1
441,36,1126.93,657.80,97.31,238.25,0.7673,-1,-1,-1
442,33,1200.59,641.49,79.95,190.62,0.6607,-1,-1,-1
442,34,1285.04,602.11,86.50,221.03,0.7281,-1,-1,-1
442,36,1101.92,668.00,99.74,230.55,0.8563,-1,-1,-1
443,33,1183.49,639.70,74.70,195.21,0.7974,-1,-1,-1
443,34,1259.00,603.18,87.04,225.69,0.5129,-1,-1,-1
443,36,1078.27,674.87,106.81,226.01,0.8521,-1,-1,-1
444,33,1163.32,640.71,71.94,195.93,0.4552,-1,-1,-1
444,34,1231.66,604.78,79.36,219.34,0.7877,-1,-1,-1
444,36,1052.16,677.35,106.86,229.76,0.7882,-1,-1,-1
445,33,1140.09,639.92,74.87,200.48,0.7926,-1,-1,-1
445,34,1204.85,605.91,72.07,221.37,0.7525,-1,-1,-1
445,36,1026.60,678.21,100.90,233.84,0.8382,-1,-1,-1
446,33,1117.93,641.26,73.75,201.02,0.7453,-1,-1,-1
446,34,1179.67,604.93,73.52,221.87,0.7779,-1,-1,-1
446,36,999.55,677.14,98.31,240.09,0.8438,-1,-1,-1
447,33,1091.40,640.72,75.92,203.94,0.7759,-1,-1,-1
447,34,1153.46,604.43,71.15,220.76,0.8201,-1,-1,-1
447,36,973.83,673.48,94.46,250.17,0.7429,-1,-1,-1
448,33,1067.70,640.44,74.41,205.00,0.3744,-1,-1,-1
448,34,1128.41,604.42,66.93,222.00,0.7159,-1,-1,-1
448,36,943.48,671.86,95.30,257.49,0.7824,-1,-1,-1
449,33,1040.98,641.07,78.63,206.82,0.7565,-1,-1,-1
449,34,1099.35,604.51,65.20,222.00,0.6782,-1,-1,-1
449,36,912.47,670.67,105.13,266.88,0.7380,-1,-1,-1
450,33,1015.22,637.52,78.89,213.56,0.4058,-1,-1,-1
450,34,1073.91,606.54,62.23,219.57,0.3955,-1,-1,-1
450,36,881.69,674.15,100.13,260.37,0.7451,-1,-1,-1
450,38,339.04,569.21,54.17,119.51,0.6238,-1,-1,-1
451,33,988.17,637.83,82.54,213.22,0.5921,-1,-1,-1
451,34,1041.68,606.47,60.08,228.42,0.3771,-1,-1,-1
451,36,850.58,680.62,92.68,267.13,0.8331,-1,-1,-1
451,39,1802.61,775.66,110.89,302.75,0.8712,-1,-1,-1
452,33,964.04,623.83,87.46,230.40,0.5781,-1,-1,-1
452,36,818.41,686.75,100.73,269.20,0.8671,-1,-1,-1
452,39,1772.47,774.61,136.83,303.29,0.9032,-1,-1,-1
452,38,284.03,569.54,45.46,120.00,0.6370,-1,-1,-1
453,33,937.77,619.28,92.78,235.21,0.5905,-1,-1,-1
453,36,786.02,691.75,104.99,269.81,0.8263,-1,-1,-1
453,39,1741.02,774.04,168.28,304.57,0.8972,-1,-1,-1
453,38,255.03,570.29,48.21,120.71,0.3802,-1,-1,-1
454,33,913.43,614.68,86.47,245.19,0.5944,-1,-1,-1
454,36,750.73,695.52,104.66,272.72,0.8436,-1,-1,-1
454,39,1709.79,771.57,186.84,308.22,0.8857,-1,-1,-1
454,38,225.41,571.00,48.60,123.18,0.3195,-1,-1,-1
455,33,885.81,616.40,84.81,248.51,0.8320,-1,-1,-1
455,36,716.13,699.22,102.23,274.26,0.8529,-1,-1,-1
455,39,1678.94,771.75,192.98,308.58,0.8812,-1,-1,-1
456,33,859.05,615.10,81.39,251.42,0.8046,-1,-1,-1
456,36,679.86,698.63,95.19,287.03,0.8491,-1,-1,-1
456,39,1645.65,767.96,197.15,311.57,0.8964,-1,-1,-1
457,33,826.07,620.03,85.97,252.42,0.7187,-1,-1,-1
457,36,643.57,698.24,90.51,302.46,0.8552,-1,-1,-1
457,39,1611.40,762.46,198.15,317.70,0.8923,-1,-1,-1
458,33,795.06,621.88,88.45,256.53,0.7594,-1,-1,-1
458,36,606.27,700.70,98.68,313.64,0.8313,-1,-1,-1
458,39,1576.89,760.18,198.39,320.17,0.8922,-1,-1,-1
458,40,718.94,635.06,72.57,227.23,0.7086,-1,-1,-1
459,33,764.05,657.41,90.79,224.32,0.2954,-1,-1,-1
459,36,565.73,704.33,101.02,323.44,0.7561,-1,-1,-1
459,39,1542.11,756.39,199.26,324.30,0.8895,-1,-1,-1
459,40,690.82,645.13,70.16,216.72,0.6928,-1,-1,-1
460,33,731.80,671.98,90.55,215.18,0.6706,-1,-1,-1
460,36,521.58,707.38,105.26,333.78,0.8237,-1,-1,-1
460,39,1507.44,756.80,198.25,323.88,0.8815,-1,-1,-1
460,40,658.79,649.33,70.67,220.16,0.7793,-1,-1,-1
461,33,702.97,649.23,85.80,243.04,0.7258,-1,-1,-1
461,36,474.77,720.49,109.66,331.02,0.8046,-1,-1,-1
461,39,1473.07,759.74,194.89,321.10,0.9030,-1,-1,-1
461,40,623.05,651.58,73.26,226.03,0.7197,-1,-1,-1
462,33,669.58,639.73,89.47,257.73,0.6755,-1,-1,-1
462,36,427.09,731.36,121.72,329.42,0.8313,-1,-1,-1
462,39,1439.08,770.03,192.99,310.52,0.8883,-1,-1,-1
462,40,591.60,652.38,73.24,229.90,0.6515,-1,-1,-1
463,33,633.97,646.07,101.80,259.64,0.7990,-1,-1,-1
463,36,382.25,739.36,126.12,330.52,0.8534,-1,-1,-1
463,39,1403.97,784.32,190.91,296.30,0.8804,-1,-1,-1
463,40,555.78,653.66,75.55,234.37,0.7129,-1,-1,-1
464,33,598.48,643.25,106.64,270.00,0.7349,-1,-1,-1
464,36,333.55,748.86,137.78,328.69,0.7483,-1,-1,-1
464,39,1369.47,799.15,190.09,281.37,0.8976,-1,-1,-1
464,40,518.59,657.69,85.24,236.57,0.6128,-1,-1,-1
465,33,559.79,645.58,111.29,271.85,0.7446,-1,-1,-1
465,36,282.62,751.67,152.35,330.90,0.7896,-1,-1,-1
465,39,1334.06,814.46,189.88,265.96,0.8752,-1,-1,-1
465,40,483.36,656.57,88.02,238.04,0.6866,-1,-1,-1
466,33,527.21,673.26,108.97,252.60,0.7414,-1,-1,-1
466,36,227.93,758.31,165.50,325.85,0.8640,-1,-1,-1
466,39,1299.08,826.22,188.21,254.12,0.8121,-1,-1,-1
466,40,445.70,653.69,94.45,247.33,0.7386,-1,-1,-1
467,33,489.65,681.26,112.05,251.07,0.7332,-1,-1,-1
467,36,173.94,763.74,173.97,319.89,0.8801,-1,-1,-1
467,39,1266.75,838.14,184.87,241.88,0.8311,-1,-1,-1
467,40,406.18,661.55,101.05,247.86,0.6679,-1,-1,-1
468,33,454.65,694.54,107.19,242.97,0.6729,-1,-1,-1
468,36,116.99,765.14,182.23,316.45,0.8941,-1,-1,-1
468,39,1233.44,848.27,182.64,231.66,0.8533,-1,-1,-1
468,40,369.05,664.39,91.16,247.36,0.3815,-1,-1,-1
469,33,412.83,698.14,111.48,244.37,0.5480,-1,-1,-1
469,36,56.69,772.44,189.73,308.53,0.8927,-1,-1,-1
469,39,1201.41,855.06,177.18,224.12,0.8651,-1,-1,-1
469,40,330.65,666.37,80.89,242.84,0.5960,-1,-1,-1
470,33,374.90,698.70,110.75,250.74,0.6747,-1,-1,-1
470,36,2.66,775.39,187.57,306.05,0.8850,-1,-1,-1
470,39,1168.28,856.66,173.85,222.43,0.8645,-1,-1,-1
470,40,288.94,664.08,86.04,255.55,0.5483,-1,-1,-1
471,33,338.20,698.59,108.71,255.35,0.7295,-1,-1,-1
471,36,-17.21,781.30,151.34,297.73,0.7840,-1,-1,-1
471,39,1130.98,854.86,174.11,223.98,0.8689,-1,-1,-1
471,40,250.08,658.93,101.63,272.66,0.5290,-1,-1,-1
472,33,299.25,699.29,106.53,256.73,0.7283,-1,-1,-1
472,39,1092.14,852.68,175.79,226.13,0.8470,-1,-1,-1
472,40,210.86,653.37,108.96,282.55,0.6940,-1,-1,-1
473,33,261.27,700.01,103.99,260.67,0.7679,-1,-1,-1
473,39,1051.50,851.82,179.13,227.06,0.8670,-1,-1,-1
473,40,165.48,655.52,105.62,288.22,0.6285,-1,-1,-1
474,33,220.54,701.80,100.51,262.30,0.7768,-1,-1,-1
474,39,1010.32,850.63,182.90,227.95,0.8614,-1,-1,-1
474,40,123.63,654.31,109.93,294.09,0.7496,-1,-1,-1
475,33,176.76,699.50,100.35,270.29,0.6599,-1,-1,-1
475,39,969.99,850.34,180.41,228.22,0.8542,-1,-1,-1
475,40,77.10,660.55,104.25,291.98,0.6906,-1,-1,-1
476,33,129.09,702.52,107.66,274.40,0.8228,-1,-1,-1
476,39,928.60,856.55,173.93,222.28,0.7882,-1,-1,-1
476,40,29.53,676.13,103.29,281.11,0.7530,-1,-1,-1
477,33,80.40,703.30,111.49,282.82,0.7752,-1,-1,-1
477,39,886.19,863.04,186.80,216.18,0.6739,-1,-1,-1
477,40,-4.61,702.70,86.98,251.88,0.4399,-1,-1,-1
478,39,842.24,868.51,193.34,211.05,0.7702,-1,-1,-1
479,39,797.58,879.89,194.00,199.89,0.6695,-1,-1,-1
480,39,751.36,889.12,192.62,190.63,0.6457,-1,-1,-1
481,39,705.73,884.43,189.42,195.66,0.8092,-1,-1,-1
482,39,681.81,880.52,163.97,199.29,0.8001,-1,-1,-1
483,39,621.60,878.73,171.41,200.89,0.8523,-1,-1,-1
483,41,1789.85,656.63,95.47,236.54,0.8304,-1,-1,-1
484,39,565.93,877.07,175.60,202.38,0.8642,-1,-1,-1
484,41,1748.92,655.45,94.89,239.97,0.7501,-1,-1,-1
485,39,512.97,878.17,174.90,201.57,0.8669,-1,-1,-1
485,41,1708.86,657.49,89.96,237.61,0.6478,-1,-1,-1
486,39,460.63,879.81,174.30,200.12,0.8799,-1,-1,-1
486,41,1669.64,657.28,85.11,211.15,0.6022,-1,-1,-1
487,39,406.42,887.89,174.02,192.33,0.8902,-1,-1,-1
487,41,1628.11,658.45,84.60,204.17,0.3101,-1,-1,-1
488,39,355.05,899.00,173.29,180.98,0.8884,-1,-1,-1
489,39,306.27,913.58,168.24,166.79,0.8688,-1,-1,-1
490,39,258.20,927.44,159.38,153.27,0.8578,-1,-1,-1
490,42,1410.47,659.36,104.04,240.53,0.7651,-1,-1,-1
491,39,208.87,943.14,152.88,137.39,0.8460,-1,-1,-1
491,42,1368.63,663.34,100.29,241.20,0.7356,-1,-1,-1
492,39,157.81,952.03,149.51,128.56,0.5388,-1,-1,-1
492,42,1329.70,667.48,97.84,243.16,0.7020,-1,-1,-1
493,39,103.84,959.83,149.53,120.58,0.8677,-1,-1,-1
493,42,1290.39,668.70,92.73,249.61,0.7050,-1,-1,-1
494,39,45.74,966.70,148.28,114.02,0.8631,-1,-1,-1
494,42,1254.37,672.40,80.56,255.10,0.7001,-1,-1,-1
495,39,-0.64,968.81,135.06,110.91,0.8713,-1,-1,-1
495,42,1217.43,677.45,67.07,256.61,0.4709,-1,-1,-1
496,42,1174.48,682.42,67.12,264.39,0.6708,-1,-1,-1
497,42,1130.71,681.13,63.77,267.23,0.6590,-1,-1,-1
498,42,1082.20,680.10,69.07,270.70,0.7616,-1,-1,-1
499,42,1033.04,680.06,71.26,272.36,0.7824,-1,-1,-1
500,42,983.83,678.19,77.30,272.09,0.8326,-1,-1,-1
501,42,934.33,679.28,85.53,274.65,0.8357,-1,-1,-1
502,42,884.60,679.29,90.68,273.26,0.7707,-1,-1,-1
502,43,963.59,685.54,82.41,271.91,0.6237,-1,-1,-1
503,42,835.81,681.15,96.06,270.69,0.7841,-1,-1,-1
503,43,916.81,683.73,80.78,269.33,0.4660,-1,-1,-1
504,42,787.15,681.67,98.67,274.48,0.8235,-1,-1,-1
504,43,873.92,687.16,79.31,275.02,0.6356,-1,-1,-1
505,42,738.46,682.19,100.42,285.46,0.8424,-1,-1,-1
505,43,826.59,690.16,81.85,290.97,0.6643,-1,-1,-1
506,42,688.32,687.55,96.63,290.89,0.7702,-1,-1,-1
506,43,771.55,695.65,90.08,296.57,0.6308,-1,-1,-1
506,44,1763.90,650.00,79.29,170.66,0.6735,-1,-1,-1
507,42,639.79,691.85,93.10,291.48,0.8301,-1,-1,-1
507,43,699.37,700.84,110.82,311.76,0.8130,-1,-1,-1
507,44,1733.61,653.31,73.95,169.18,0.7021,-1,-1,-1
508,42,593.40,699.01,88.02,293.92,0.8265,-1,-1,-1
508,43,639.73,710.64,122.54,322.50,0.8512,-1,-1,-1
508,44,1701.44,655.93,75.00,170.22,0.6957,-1,-1,-1
508,45,1778.46,659.76,77.65,179.97,0.7098,-1,-1,-1
509,42,544.44,707.18,82.22,300.88,0.7514,-1,-1,-1
509,43,591.94,717.14,119.20,323.69,0.8185,-1,-1,-1
509,44,1667.49,663.12,76.32,171.35,0.7626,-1,-1,-1
509,45,1743.62,661.34,76.19,179.98,0.7910,-1,-1,-1
510,42,492.20,712.56,84.43,304.29,0.6157,-1,-1,-1
510,43,543.36,725.69,116.26,328.45,0.7039,-1,-1,-1
510,44,1636.25,669.17,72.10,169.85,0.7516,-1,-1,-1
510,45,1709.27,666.54,75.10,181.54,0.7653,-1,-1,-1
511,42,437.77,720.09,87.74,295.96,0.6720,-1,-1,-1
511,43,494.65,734.03,112.53,329.47,0.7947,-1,-1,-1
511,44,1598.03,671.80,73.36,171.21,0.8348,-1,-1,-1
511,45,1675.83,668.85,72.35,183.34,0.8021,-1,-1,-1
512,42,382.68,727.31,90.56,307.47,0.5962,-1,-1,-1
512,43,426.39,743.37,129.59,323.94,0.7517,-1,-1,-1
512,44,1560.45,671.95,77.22,177.07,0.8322,-1,-1,-1
512,45,1640.63,671.98,74.61,184.59,0.6740,-1,-1,-1
513,42,295.92,732.79,120.10,313.57,0.7247,-1,-1,-1
513,43,375.54,750.24,126.76,329.05,0.7747,-1,-1,-1
513,44,1524.82,671.99,80.97,179.00,0.8369,-1,-1,-1
513,45,1606.40,672.48,70.93,188.36,0.7219,-1,-1,-1
514,42,222.58,740.29,136.14,320.94,0.3846,-1,-1,-1
514,43,315.21,755.49,131.03,328.09,0.8327,-1,-1,-1
514,44,1492.42,675.26,77.67,179.06,0.6691,-1,-1,-1
514,45,1569.57,673.31,76.57,194.06,0.7505,-1,-1,-1
515,42,159.63,747.61,144.60,326.93,0.3777,-1,-1,-1
515,43,262.30,759.89,129.51,324.36,0.7634,-1,-1,-1
515,44,1461.83,675.08,75.21,180.57,0.7985,-1,-1,-1
515,45,1537.53,674.06,72.63,196.18,0.7889,-1,-1,-1
516,42,103.66,752.47,135.83,327.81,0.3361,-1,-1,-1
516,43,205.47,762.81,124.93,319.49,0.7255,-1,-1,-1
516,44,1429.15,674.54,74.56,179.49,0.7987,-1,-1,-1
516,45,1504.68,674.86,70.95,200.41,0.6796,-1,-1,-1
517,43,123.33,768.72,148.73,313.48,0.8186,-1,-1,-1
517,44,1395.79,673.47,76.03,182.93,0.7677,-1,-1,-1
517,45,1473.05,673.62,72.44,201.15,0.7692,-1,-1,-1
517,46,1507.53,571.30,38.41,107.59,0.7586,-1,-1,-1
518,43,68.05,776.64,142.65,305.67,0.7889,-1,-1,-1
518,44,1358.75,675.12,83.56,185.77,0.6240,-1,-1,-1
518,45,1443.20,678.52,59.17,196.42,0.7028,-1,-1,-1
518,46,1478.68,571.98,39.97,105.36,0.6683,-1,-1,-1
518,47,1820.12,731.83,92.80,273.15,0.6859,-1,-1,-1
519,43,5.42,783.37,148.55,298.33,0.8520,-1,-1,-1
519,44,1321.13,674.70,89.15,187.49,0.7737,-1,-1,-1
519,45,1410.63,676.40,63.66,195.98,0.6712,-1,-1,-1
519,46,1451.59,569.43,42.55,105.32,0.6519,-1,-1,-1
519,47,1780.69,731.59,102.17,272.29,0.8204,-1,-1,-1
520,43,-17.96,788.38,110.61,291.80,0.5136,-1,-1,-1
520,44,1288.01,674.80,88.61,188.63,0.8499,-1,-1,-1
520,45,1375.80,676.30,71.96,197.17,0.8103,-1,-1,-1
520,46,1426.15,571.00,42.75,100.97,0.5657,-1,-1,-1
520,47,1747.62,732.27,102.94,273.40,0.7046,-1,-1,-1
521,44,1255.08,679.25,88.35,185.06,0.8210,-1,-1,-1
521,45,1347.72,677.77,69.49,201.73,0.7362,-1,-1,-1
521,46,1400.27,571.56,43.86,100.21,0.5872,-1,-1,-1
521,47,1703.61,731.79,114.27,276.58,0.6908,-1,-1,-1
522,44,1224.37,679.84,84.04,185.89,0.8316,-1,-1,-1
522,45,1315.23,677.20,67.90,202.15,0.7392,-1,-1,-1
522,46,1374.99,571.55,46.67,99.12,0.5248,-1,-1,-1
522,47,1666.41,731.76,119.06,276.82,0.3603,-1,-1,-1
523,44,1194.22,681.47,80.14,184.98,0.8532,-1,-1,-1
523,45,1280.68,678.87,73.00,204.96,0.8368,-1,-1,-1
523,46,1350.35,570.82,49.53,99.83,0.6178,-1,-1,-1
523,47,1638.97,730.18,117.40,271.53,0.7900,-1,-1,-1
524,44,1164.34,684.42,77.97,186.83,0.7556,-1,-1,-1
524,45,1251.26,681.40,72.98,205.88,0.8320,-1,-1,-1
524,46,1325.48,572.23,52.06,98.52,0.6375,-1,-1,-1
524,47,1609.88,727.38,114.61,275.28,0.6985,-1,-1,-1
525,44,1131.95,682.10,75.51,192.58,0.7997,-1,-1,-1
525,45,1216.69,678.82,74.10,212.20,0.7303,-1,-1,-1
525,46,1300.71,572.04,52.67,98.98,0.6708,-1,-1,-1
525,47,1578.21,727.48,115.48,274.21,0.8594,-1,-1,-1
526,44,1101.44,684.15,72.66,195.86,0.8294,-1,-1,-1
526,45,1180.34,678.66,79.71,218.08,0.8189,-1,-1,-1
526,46,1277.48,574.46,50.57,97.10,0.6035,-1,-1,-1
526,47,1545.83,724.68,116.25,276.54,0.8421,-1,-1,-1
527,44,1070.47,686.14,71.96,194.08,0.6991,-1,-1,-1
527,45,1146.10,681.37,81.27,219.71,0.7880,-1,-1,-1
527,46,1254.48,574.89,48.03,97.10,0.5961,-1,-1,-1
527,47,1513.73,723.84,115.07,269.98,0.2688,-1,-1,-1
528,44,1038.91,686.93,70.58,200.57,0.8010,-1,-1,-1
528,45,1112.28,685.11,83.84,222.84,0.8384,-1,-1,-1
528,46,1230.72,575.09,48.90,97.59,0.6452,-1,-1,-1
528,47,1480.00,726.23,116.49,267.80,0.7772,-1,-1,-1
529,44,1005.93,687.75,72.47,207.78,0.8178,-1,-1,-1
529,45,1070.02,688.62,95.08,226.98,0.8356,-1,-1,-1
529,46,1207.82,574.50,48.10,98.86,0.6653,-1,-1,-1
529,47,1443.92,727.16,121.05,272.77,0.6896,-1,-1,-1
530,44,970.70,694.01,73.48,210.30,0.7550,-1,-1,-1
530,45,1033.13,691.60,100.66,228.48,0.7947,-1,-1,-1
530,46,1185.12,573.66,46.05,99.00,0.6669,-1,-1,-1
530,47,1409.29,728.28,126.78,281.75,0.7698,-1,-1,-1
531,44,939.33,699.02,74.13,207.94,0.7805,-1,-1,-1
531,45,998.68,696.94,105.15,230.45,0.8118,-1,-1,-1
531,46,1163.34,572.42,44.29,100.73,0.7007,-1,-1,-1
531,47,1379.85,727.73,129.62,289.77,0.8837,-1,-1,-1
532,44,901.23,701.94,82.09,212.89,0.7584,-1,-1,-1
532,45,964.84,701.39,107.15,236.88,0.7715,-1,-1,-1
532,46,1142.57,572.47,43.68,103.42,0.7718,-1,-1,-1
532,47,1352.89,731.89,132.78,290.79,0.8012,-1,-1,-1
533,44,863.75,706.52,85.61,211.20,0.7587,-1,-1,-1
533,45,936.78,703.21,103.24,239.89,0.8212,-1,-1,-1
533,46,1119.87,571.42,44.51,105.02,0.8274,-1,-1,-1
533,47,1323.70,734.47,124.26,293.96,0.8234,-1,-1,-1
534,44,835.66,706.49,83.15,212.98,0.8168,-1,-1,-1
534,45,912.35,705.74,97.41,236.48,0.4111,-1,-1,-1
534,46,1098.35,571.68,43.87,107.17,0.8264,-1,-1,-1
534,47,1298.71,737.52,117.71,293.09,0.8079,-1,-1,-1
535,44,804.07,706.31,82.81,221.61,0.7546,-1,-1,-1
535,45,882.31,707.69,92.88,242.47,0.8337,-1,-1,-1
535,46,1076.62,571.11,42.25,108.55,0.8224,-1,-1,-1
535,47,1272.12,739.11,115.60,295.27,0.3612,-1,-1,-1
536,44,772.03,706.49,78.95,226.64,0.7407,-1,-1,-1
536,45,848.01,707.58,93.62,249.84,0.8737,-1,-1,-1
536,46,1057.55,573.60,41.37,108.87,0.6092,-1,-1,-1
536,47,1248.09,738.60,110.65,295.21,0.8443,-1,-1,-1
537,44,738.90,707.33,71.72,233.24,0.6591,-1,-1,-1
537,45,818.14,710.14,87.35,252.09,0.7379,-1,-1,-1
537,46,1036.69,575.22,41.32,108.35,0.7917,-1,-1,-1
537,47,1219.46,735.03,110.12,297.40,0.7643,-1,-1,-1
538,44,704.49,709.02,65.60,234.31,0.6604,-1,-1,-1
538,45,780.04,710.51,89.58,258.92,0.7710,-1,-1,-1
538,46,1016.22,578.04,42.94,109.57,0.7036,-1,-1,-1
538,47,1194.57,735.97,106.71,294.87,0.8540,-1,-1,-1
539,44,668.29,712.76,70.75,233.71,0.8001,-1,-1,-1
539,45,745.21,713.01,91.56,266.59,0.8397,-1,-1,-1
539,46,995.78,577.33,42.59,110.81,0.7840,-1,-1,-1
539,47,1170.43,735.42,106.36,296.41,0.8530,-1,-1,-1
540,44,624.32,717.24,85.24,239.31,0.7306,-1,-1,-1
540,45,715.25,717.88,83.28,268.27,0.7551,-1,-1,-1
540,46,976.48,578.93,42.60,111.51,0.8454,-1,-1,-1
540,47,1142.98,737.53,103.98,302.16,0.8341,-1,-1,-1
541,44,577.08,723.37,100.76,245.29,0.8138,-1,-1,-1
541,45,673.89,723.79,95.30,274.42,0.7748,-1,-1,-1
541,46,955.78,580.30,43.14,112.94,0.7073,-1,-1,-1
541,47,1113.17,740.97,103.03,303.00,0.8377,-1,-1,-1
542,44,531.49,724.65,113.54,248.70,0.7836,-1,-1,-1
542,45,635.14,728.96,102.16,276.19,0.7971,-1,-1,-1
542,46,936.29,581.62,46.12,113.29,0.7693,-1,-1,-1
542,47,1072.95,747.11,115.94,310.01,0.7611,-1,-1,-1
543,44,491.91,731.38,123.32,255.32,0.7587,-1,-1,-1
543,45,598.59,735.68,103.16,280.89,0.8442,-1,-1,-1
543,46,916.44,584.27,47.70,112.61,0.7948,-1,-1,-1
543,47,1047.90,751.75,114.26,307.41,0.8087,-1,-1,-1
544,44,451.54,743.75,131.79,260.45,0.8163,-1,-1,-1
544,45,561.08,745.66,104.72,295.13,0.7878,-1,-1,-1
544,46,895.46,587.11,47.16,112.34,0.7965,-1,-1,-1
544,47,1022.65,759.03,111.90,309.09,0.8309,-1,-1,-1
545,44,418.52,745.80,132.22,257.16,0.7220,-1,-1,-1
545,45,526.50,746.38,107.32,299.04,0.8321,-1,-1,-1
545,46,876.46,583.82,48.25,113.17,0.7063,-1,-1,-1
545,47,989.23,755.55,117.95,315.05,0.8323,-1,-1,-1
546,44,387.02,744.54,125.18,262.30,0.7861,-1,-1,-1
546,45,489.98,747.50,110.43,303.77,0.8306,-1,-1,-1
546,46,857.42,582.35,47.99,113.89,0.5510,-1,-1,-1
546,47,968.57,756.12,114.21,311.70,0.8040,-1,-1,-1
547,44,358.11,747.28,110.55,265.54,0.8098,-1,-1,-1
547,45,456.34,752.17,105.63,300.27,0.8648,-1,-1,-1
547,46,837.86,582.79,50.07,114.26,0.7632,-1,-1,-1
547,47,937.23,756.60,119.66,311.82,0.8408,-1,-1,-1
548,44,320.10,750.90,105.03,272.19,0.8290,-1,-1,-1
548,45,417.92,753.67,101.11,307.50,0.7915,-1,-1,-1
548,46,818.21,582.40,51.78,115.47,0.7194,-1,-1,-1
548,47,913.03,760.48,117.95,306.43,0.8512,-1,-1,-1
549,44,281.97,758.40,104.02,271.55,0.4572,-1,-1,-1
549,45,377.12,757.26,106.65,315.50,0.8794,-1,-1,-1
549,46,798.16,580.73,51.81,116.69,0.7723,-1,-1,-1
549,47,885.07,754.98,120.86,311.69,0.8486,-1,-1,-1
550,44,244.46,759.73,100.85,281.28,0.7992,-1,-1,-1
550,45,337.84,760.08,115.31,315.66,0.8368,-1,-1,-1
550,46,780.45,582.22,52.11,117.13,0.6731,-1,-1,-1
550,47,861.61,757.11,119.01,310.86,0.8365,-1,-1,-1
551,44,201.90,762.79,100.25,294.41,0.8123,-1,-1,-1
551,45,295.54,765.06,112.27,311.96,0.8035,-1,-1,-1
551,46,761.26,583.69,52.42,118.27,0.8125,-1,-1,-1
551,47,839.74,768.35,116.41,300.66,0.7371,-1,-1,-1
552,44,159.64,766.81,100.60,304.72,0.7811,-1,-1,-1
552,45,249.30,768.26,115.11,312.41,0.7652,-1,-1,-1
552,46,743.85,583.13,54.24,117.25,0.7980,-1,-1,-1
552,47,809.80,731.32,121.92,342.72,0.8006,-1,-1,-1
553,44,112.89,772.74,101.11,307.49,0.7682,-1,-1,-1
553,45,198.89,775.71,120.09,306.92,0.8127,-1,-1,-1
553,46,726.21,581.87,53.94,119.63,0.7943,-1,-1,-1
553,47,786.94,739.96,121.80,338.87,0.8287,-1,-1,-1
554,44,68.28,780.87,103.92,301.39,0.7739,-1,-1,-1
554,45,148.38,782.11,126.39,301.04,0.8203,-1,-1,-1
554,46,707.41,580.89,54.04,121.68,0.7279,-1,-1,-1
554,47,765.37,753.18,119.91,327.07,0.8478,-1,-1,-1
555,44,21.10,789.68,107.40,292.85,0.8272,-1,-1,-1
555,45,101.99,793.90,134.78,288.98,0.8332,-1,-1,-1
555,46,688.51,582.61,52.57,120.87,0.7903,-1,-1,-1
555,47,726.36,758.09,135.08,317.05,0.8222,-1,-1,-1
556,44,-5.07,796.03,85.61,286.52,0.7331,-1,-1,-1
556,45,56.58,803.02,130.15,278.75,0.8497,-1,-1,-1
556,46,671.19,580.06,53.22,121.84,0.8031,-1,-1,-1
556,47,700.51,760.34,132.38,308.92,0.8349,-1,-1,-1
557,45,7.28,813.61,128.67,267.92,0.8699,-1,-1,-1
557,46,653.97,578.19,50.47,123.71,0.7732,-1,-1,-1
557,47,680.94,764.35,126.24,311.61,0.7723,-1,-1,-1
558,45,-10.28,819.01,87.92,258.82,0.6314,-1,-1,-1
558,46,635.25,576.63,52.48,124.94,0.6966,-1,-1,-1
558,47,654.19,764.32,126.41,311.04,0.8493,-1,-1,-1
559,46,616.58,575.56,53.62,127.38,0.5156,-1,-1,-1
559,47,628.16,764.89,127.94,311.77,0.8638,-1,-1,-1
560,46,599.81,579.25,52.17,127.06,0.7321,-1,-1,-1
560,47,605.32,761.73,125.70,317.92,0.8783,-1,-1,-1
561,46,582.11,576.91,54.93,129.27,0.6365,-1,-1,-1
561,47,579.82,758.81,126.20,321.62,0.8899,-1,-1,-1
562,46,564.21,580.19,56.68,130.09,0.4738,-1,-1,-1
562,47,551.58,758.49,127.78,323.03,0.8928,-1,-1,-1
563,46,548.01,582.34,57.24,130.94,0.4276,-1,-1,-1
563,47,529.67,757.58,123.40,323.88,0.8965,-1,-1,-1
564,46,532.60,585.11,57.91,129.03,0.4319,-1,-1,-1
564,47,503.53,759.12,123.93,322.26,0.9091,-1,-1,-1
565,46,513.94,583.70,59.72,133.61,0.7541,-1,-1,-1
565,47,474.59,760.69,130.10,320.13,0.8367,-1,-1,-1
566,46,494.96,583.47,64.66,133.81,0.5602,-1,-1,-1
566,47,443.03,766.11,138.93,314.75,0.8454,-1,-1,-1
567,46,480.28,585.21,63.13,136.56,0.7253,-1,-1,-1
567,47,417.32,776.43,140.30,304.86,0.8760,-1,-1,-1
568,46,462.71,585.85,64.19,138.12,0.7440,-1,-1,-1
568,47,381.63,783.89,152.06,297.03,0.8690,-1,-1,-1
569,46,441.23,586.22,71.69,139.94,0.6088,-1,-1,-1
569,47,355.73,789.34,155.72,291.43,0.8663,-1,-1,-1
570,46,427.59,585.59,69.04,142.43,0.7432,-1,-1,-1
570,47,329.46,791.02,157.47,289.29,0.8538,-1,-1,-1
571,46,412.98,589.88,69.22,141.50,0.7738,-1,-1,-1
571,47,304.78,795.71,158.08,285.07,0.8718,-1,-1,-1
572,46,396.67,593.95,70.52,139.43,0.6754,-1,-1,-1
572,47,282.34,799.09,154.24,278.89,0.5677,-1,-1,-1
573,46,380.58,593.10,69.50,143.09,0.7466,-1,-1,-1
573,47,262.92,799.07,148.68,244.68,0.6211,-1,-1,-1
574,46,364.79,596.56,71.53,142.49,0.7723,-1,-1,-1
574,47,227.48,801.39,155.35,265.67,0.5742,-1,-1,-1
575,46,346.06,596.95,73.64,142.51,0.6485,-1,-1,-1
575,47,205.61,801.26,149.79,239.89,0.6664,-1,-1,-1
576,46,328.78,598.99,73.68,145.42,0.8044,-1,-1,-1
576,47,170.50,806.40,157.06,259.33,0.7036,-1,-1,-1
577,46,312.35,599.36,75.84,144.77,0.7921,-1,-1,-1
577,47,144.73,807.23,156.16,232.86,0.5746,-1,-1,-1
578,46,295.78,598.27,76.41,148.78,0.8359,-1,-1,-1
578,47,111.61,812.62,161.56,252.84,0.2699,-1,-1,-1
579,46,279.74,598.19,74.05,151.53,0.8165,-1,-1,-1
579,47,82.95,818.14,163.33,238.67,0.6006,-1,-1,-1
580,46,263.75,600.74,74.30,150.56,0.7727,-1,-1,-1
580,47,48.46,822.40,169.54,247.99,0.4280,-1,-1,-1
581,46,247.20,597.97,74.65,156.16,0.8116,-1,-1,-1
581,47,11.27,827.58,176.21,249.32,0.8016,-1,-1,-1
582,46,231.36,598.04,72.20,158.83,0.8297,-1,-1,-1
582,47,-5.14,832.96,164.75,246.44,0.7956,-1,-1,-1
583,46,212.30,599.50,77.14,159.68,0.8284,-1,-1,-1
583,47,-9.77,836.20,141.96,240.35,0.7125,-1,-1,-1
584,46,196.14,598.89,79.37,165.33,0.8353,-1,-1,-1
584,47,-9.49,836.10,111.75,241.93,0.7941,-1,-1,-1
585,46,185.44,601.63,76.18,169.00,0.8514,-1,-1,-1
585,47,-7.29,843.14,80.39,235.83,0.7422,-1,-1,-1
586,46,168.17,604.14,79.05,170.00,0.8107,-1,-1,-1
587,46,153.81,607.55,82.12,171.09,0.8492,-1,-1,-1
588,46,140.87,609.24,82.58,174.01,0.8508,-1,-1,-1
589,46,126.94,612.39,84.26,174.18,0.8612,-1,-1,-1
590,46,113.61,614.20,85.40,176.47,0.8430,-1,-1,-1
591,46,100.10,614.81,83.96,179.13,0.8543,-1,-1,-1
591,48,1764.21,582.25,60.30,168.82,0.8094,-1,-1,-1
592,46,85.62,618.31,85.83,176.71,0.8744,-1,-1,-1
592,48,1762.39,579.73,62.81,168.47,0.8068,-1,-1,-1
593,46,72.26,618.65,85.94,180.70,0.8516,-1,-1,-1
593,48,1762.34,582.48,63.34,167.81,0.8108,-1,-1,-1
594,46,57.56,621.20,90.20,183.15,0.8438,-1,-1,-1
594,48,1760.02,580.62,67.17,171.98,0.8162,-1,-1,-1
595,46,45.52,621.33,88.44,186.91,0.8454,-1,-1,-1
595,48,1751.62,580.88,78.81,176.63,0.8022,-1,-1,-1
596,46,30.53,624.87,89.79,188.47,0.8646,-1,-1,-1
596,48,1748.69,580.36,83.40,178.70,0.8178,-1,-1,-1
597,46,16.34,626.34,91.17,192.03,0.8550,-1,-1,-1
597,48,1752.83,584.85,81.71,173.97,0.8354,-1,-1,-1
598,46,2.15,634.95,95.12,191.91,0.8700,-1,-1,-1
598,48,1755.99,586.14,82.49,172.12,0.8478,-1,-1,-1
599,46,-3.21,638.34,88.27,192.34,0.8437,-1,-1,-1
599,48,1761.82,583.56,82.63,173.75,0.8425,-1,-1,-1
600,46,-4.09,645.62,77.97,192.42,0.8206,-1,-1,-1
600,48,1764.83,582.20,82.91,176.99,0.8518,-1,-1,-1
601,46,-3.81,649.50,65.03,193.04,0.8184,-1,-1,-1
601,48,1773.47,580.59,76.82,178.89,0.8288,-1,-1,-1
602,46,-2.97,659.94,53.22,185.98,0.4621,-1,-1,-1
602,48,1782.19,577.56,70.44,181.92,0.7397,-1,-1,-1
603,46,-2.15,668.95,39.25,182.28,0.5351,-1,-1,-1
603,48,1787.58,578.34,66.39,182.51,0.6598,-1,-1,-1
604,48,1801.76,577.57,53.13,184.43,0.3308,-1,-1,-1
605,48,1810.71,579.04,47.73,185.19,0.4771,-1,-1,-1
608,49,277.10,542.52,49.66,106.33,0.7868,-1,-1,-1
609,49,275.76,545.81,48.14,99.84,0.6309,-1,-1,-1
610,49,273.79,537.30,48.90,106.68,0.6580,-1,-1,-1
611,49,270.61,519.29,50.10,124.36,0.6210,-1,-1,-1
612,49,268.06,511.01,50.23,132.89,0.6257,-1,-1,-1
613,49,265.21,505.07,51.72,136.43,0.2820,-1,-1,-1
614,49,262.22,500.00,50.90,141.45,0.3683,-1,-1,-1
614,48,1835.18,594.98,61.90,189.86,0.6465,-1,-1,-1
615,49,258.88,497.15,49.30,144.81,0.4503,-1,-1,-1
615,48,1840.24,599.34,61.38,191.68,0.5277,-1,-1,-1
616,49,255.74,501.80,48.70,141.94,0.6977,-1,-1,-1
616,48,1845.45,603.86,69.26,194.74,0.6289,-1,-1,-1
617,49,253.61,503.52,49.46,140.48,0.7679,-1,-1,-1
617,48,1850.08,607.88,69.61,195.22,0.6729,-1,-1,-1
617,50,1271.25,526.97,31.13,97.46,0.6424,-1,-1,-1
618,49,250.74,503.51,49.57,141.92,0.7595,-1,-1,-1
618,48,1855.11,610.61,66.15,198.27,0.7693,-1,-1,-1
618,50,1273.73,529.36,32.15,97.89,0.5847,-1,-1,-1
619,49,248.32,503.64,49.89,144.50,0.6430,-1,-1,-1
619,48,1862.09,610.26,59.91,203.35,0.7569,-1,-1,-1
619,50,1276.12,531.46,33.29,96.70,0.5834,-1,-1,-1
620,49,246.44,503.80,49.59,145.32,0.4621,-1,-1,-1
620,48,1869.31,610.78,52.77,206.69,0.7693,-1,-1,-1
620,50,1277.09,532.86,35.54,98.39,0.3536,-1,-1,-1
621,49,244.46,501.49,49.21,148.18,0.2901,-1,-1,-1
621,48,1877.18,610.79,44.83,208.02,0.6084,-1,-1,-1
621,50,1281.51,531.05,37.04,101.72,0.6727,-1,-1,-1
622,49,241.19,500.61,49.94,150.51,0.6049,-1,-1,-1
622,48,1882.23,611.77,39.45,203.52,0.7001,-1,-1,-1
622,50,1286.81,531.08,34.91,104.81,0.6352,-1,-1,-1
623,49,238.82,501.58,50.71,152.44,0.5769,-1,-1,-1
623,48,1887.45,606.89,33.72,197.54,0.3264,-1,-1,-1
623,50,1291.60,529.03,35.74,105.24,0.7441,-1,-1,-1
624,49,238.11,501.47,50.34,151.68,0.5196,-1,-1,-1
624,50,1295.79,529.24,36.89,105.80,0.6554,-1,-1,-1
625,49,237.63,517.37,48.72,140.64,0.6490,-1,-1,-1
625,50,1300.71,534.25,35.00,105.16,0.5360,-1,-1,-1
626,49,236.66,522.91,49.70,133.06,0.6640,-1,-1,-1
626,50,1305.89,531.50,40.20,107.54,0.6827,-1,-1,-1
627,49,235.11,538.72,49.24,122.27,0.6410,-1,-1,-1
627,50,1311.22,531.24,40.18,110.11,0.7748,-1,-1,-1
628,49,235.33,543.32,50.08,118.63,0.6659,-1,-1,-1
628,50,1318.60,531.42,39.15,108.93,0.6865,-1,-1,-1
629,49,234.51,550.06,49.26,118.32,0.6575,-1,-1,-1
629,50,1323.50,530.07,40.16,107.69,0.6081,-1,-1,-1
630,49,235.10,551.78,48.64,117.25,0.7066,-1,-1,-1
630,50,1331.20,529.85,41.89,108.31,0.8244,-1,-1,-1
631,49,236.76,552.84,50.93,115.99,0.6640,-1,-1,-1
631,50,1340.41,527.88,40.36,110.68,0.7980,-1,-1,-1
632,49,237.53,553.69,49.32,118.48,0.6018,-1,-1,-1
632,50,1346.76,530.97,40.65,109.94,0.6797,-1,-1,-1
633,49,239.74,552.93,52.86,117.36,0.2671,-1,-1,-1
633,50,1355.20,534.26,41.44,108.39,0.7628,-1,-1,-1
634,49,240.05,553.63,53.95,120.60,0.3592,-1,-1,-1
634,50,1362.85,536.21,40.37,107.11,0.6523,-1,-1,-1
635,49,242.26,544.02,54.53,131.64,0.3205,-1,-1,-1
635,50,1370.83,533.58,42.32,112.77,0.7387,-1,-1,-1
636,49,243.05,550.45,53.81,127.77,0.4816,-1,-1,-1
636,50,1378.10,539.25,41.96,110.98,0.6481,-1,-1,-1
637,49,245.82,550.79,54.50,128.92,0.3690,-1,-1,-1
637,50,1389.30,539.05,40.23,113.55,0.5004,-1,-1,-1
638,49,247.46,539.20,52.98,144.10,0.6299,-1,-1,-1
638,50,1397.32,539.27,42.05,119.33,0.6917,-1,-1,-1
639,49,250.05,537.45,52.70,147.81,0.6143,-1,-1,-1
639,50,1410.27,547.88,38.63,113.03,0.4837,-1,-1,-1
640,49,251.91,540.06,51.33,147.70,0.3487,-1,-1,-1
640,50,1418.51,552.33,38.41,108.32,0.2576,-1,-1,-1
641,50,1429.38,553.76,38.40,106.18,0.5542,-1,-1,-1
642,50,1440.73,556.73,39.32,105.67,0.3116,-1,-1,-1
643,50,1453.83,561.08,37.40,96.57,0.3872,-1,-1,-1
650,49,285.91,533.14,48.78,161.18,0.6063,-1,-1,-1
651,49,290.68,531.56,49.66,164.95,0.3914,-1,-1,-1
652,49,299.98,545.03,46.67,140.20,0.5747,-1,-1,-1
664,49,383.32,592.31,53.87,125.27,0.6125,-1,-1,-1
665,49,385.08,596.02,59.63,122.27,0.3880,-1,-1,-1
666,49,392.67,591.25,63.45,123.51,0.6000,-1,-1,-1
667,49,395.81,588.04,73.44,126.73,0.5810,-1,-1,-1
668,49,396.84,582.58,91.54,136.34,0.6401,-1,-1,-1
669,49,404.30,575.92,96.95,140.79,0.5443,-1,-1,-1
670,49,414.25,572.54,99.47,142.86,0.6494,-1,-1,-1
671,49,424.84,568.97,98.38,144.93,0.5677,-1,-1,-1
671,51,405.43,510.96,27.33,78.88,0.6103,-1,-1,-1
672,51,411.26,509.02,28.05,76.82,0.5707,-1,-1,-1
676,51,430.40,500.17,30.77,80.13,0.6711,-1,-1,-1
677,51,437.87,496.78,35.96,80.95,0.3088,-1,-1,-1
678,51,441.95,497.26,35.84,83.91,0.5052,-1,-1,-1
679,51,446.67,509.88,36.41,82.60,0.4783,-1,-1,-1
679,49,531.46,573.70,100.68,145.69,0.6227,-1,-1,-1
680,49,543.24,568.58,106.76,148.36,0.2922,-1,-1,-1
681,49,561.24,593.39,100.71,149.37,0.3446,-1,-1,-1
694,51,513.15,499.34,34.43,86.35,0.6341,-1,-1,-1
695,51,517.91,501.00,32.78,86.45,0.6554,-1,-1,-1
696,51,526.06,500.32,31.65,84.98,0.6116,-1,-1,-1
697,51,530.11,502.50,30.62,84.98,0.6146,-1,-1,-1
698,51,533.18,502.07,32.06,87.11,0.4377,-1,-1,-1
700,51,538.74,501.87,33.35,92.74,0.6438,-1,-1,-1
701,51,544.31,504.24,32.87,91.70,0.5521,-1,-1,-1
702,51,551.01,506.04,32.05,89.52,0.4925,-1,-1,-1
703,51,555.44,505.42,31.97,89.22,0.6706,-1,-1,-1
704,51,556.08,508.72,34.16,90.46,0.7049,-1,-1,-1
705,51,556.51,509.00,36.59,90.17,0.6127,-1,-1,-1
706,51,560.56,511.87,36.96,90.78,0.7228,-1,-1,-1
707,51,561.74,514.02,37.04,92.75,0.7615,-1,-1,-1
707,52,992.15,614.30,88.09,167.93,0.8261,-1,-1,-1
708,51,564.98,517.76,36.26,94.49,0.4947,-1,-1,-1
708,52,992.36,617.06,104.87,170.42,0.7691,-1,-1,-1
709,51,566.35,521.54,36.11,96.32,0.7533,-1,-1,-1
709,52,997.20,612.20,121.58,177.62,0.8390,-1,-1,-1
710,51,572.66,528.74,35.45,93.21,0.7220,-1,-1,-1
710,52,1011.23,620.20,128.38,179.41,0.8339,-1,-1,-1
711,51,574.07,533.36,34.99,90.74,0.5891,-1,-1,-1
711,52,1036.31,620.72,122.89,177.94,0.7948,-1,-1,-1
712,51,576.03,536.79,36.42,91.03,0.7680,-1,-1,-1
712,52,1064.26,630.56,113.09,175.62,0.5784,-1,-1,-1
713,51,577.21,534.65,36.90,92.47,0.7902,-1,-1,-1
713,52,1112.15,629.90,87.05,171.16,0.6508,-1,-1,-1
714,51,577.44,542.51,37.48,99.82,0.5352,-1,-1,-1
714,52,1127.66,639.28,96.01,169.82,0.8086,-1,-1,-1
715,51,580.71,538.59,37.21,103.34,0.6259,-1,-1,-1
715,52,1142.22,635.49,98.95,173.20,0.7997,-1,-1,-1
716,51,581.40,542.09,36.95,102.78,0.5972,-1,-1,-1
716,52,1155.29,633.15,102.13,178.31,0.8453,-1,-1,-1
717,51,582.23,543.31,38.23,102.27,0.6032,-1,-1,-1
717,52,1172.79,630.35,103.71,183.20,0.8559,-1,-1,-1
718,51,584.58,550.79,36.16,98.61,0.5326,-1,-1,-1
718,52,1188.29,626.86,108.75,192.67,0.8627,-1,-1,-1
719,51,586.68,546.71,37.35,99.67,0.6228,-1,-1,-1
719,52,1209.48,628.49,111.08,193.62,0.7749,-1,-1,-1
720,51,585.54,551.29,38.41,102.20,0.6733,-1,-1,-1
720,52,1227.38,632.08,114.24,196.65,0.7780,-1,-1,-1
721,51,587.74,552.13,39.85,103.20,0.6178,-1,-1,-1
721,52,1252.11,634.08,109.77,200.93,0.3320,-1,-1,-1
722,51,591.47,553.96,38.69,103.13,0.6793,-1,-1,-1
722,52,1288.09,643.61,95.32,199.74,0.4999,-1,-1,-1
723,51,595.65,552.63,37.44,104.52,0.4992,-1,-1,-1
723,52,1310.52,651.88,100.51,196.46,0.5250,-1,-1,-1
724,51,596.08,562.60,36.52,105.49,0.5762,-1,-1,-1
724,52,1342.78,662.81,92.91,197.83,0.5626,-1,-1,-1
725,51,596.41,565.01,37.46,104.67,0.6954,-1,-1,-1
725,52,1369.06,663.58,92.10,204.76,0.7492,-1,-1,-1
726,51,599.04,563.82,37.00,105.15,0.6202,-1,-1,-1
726,52,1386.83,669.70,102.24,207.90,0.6793,-1,-1,-1
727,51,597.36,570.79,41.06,107.15,0.8198,-1,-1,-1
727,52,1416.61,674.17,92.06,206.81,0.4509,-1,-1,-1
728,51,598.97,568.46,42.14,106.53,0.7483,-1,-1,-1
728,52,1417.17,678.76,119.88,214.98,0.6404,-1,-1,-1
729,51,598.33,566.91,42.83,108.61,0.7184,-1,-1,-1
729,52,1432.14,679.22,132.74,220.84,0.7837,-1,-1,-1
730,51,599.68,569.05,45.98,111.63,0.5697,-1,-1,-1
731,51,601.45,565.64,46.98,114.45,0.7158,-1,-1,-1
732,51,602.21,565.87,46.44,115.74,0.7174,-1,-1,-1
733,51,603.14,567.66,45.86,115.33,0.7453,-1,-1,-1
733,52,1578.78,703.32,94.78,227.44,0.8138,-1,-1,-1
734,51,605.03,560.94,44.71,119.85,0.7746,-1,-1,-1
734,52,1595.55,705.29,110.58,230.56,0.6666,-1,-1,-1
735,51,603.89,562.48,44.49,121.72,0.7782,-1,-1,-1
735,52,1612.17,705.57,120.89,232.79,0.7887,-1,-1,-1
736,51,607.51,560.09,43.39,121.56,0.7787,-1,-1,-1
736,52,1631.42,704.11,131.37,244.71,0.7805,-1,-1,-1
737,51,608.16,561.22,44.14,121.91,0.7728,-1,-1,-1
737,52,1656.43,696.23,135.30,259.25,0.8603,-1,-1,-1
738,51,607.21,563.78,46.21,122.37,0.7634,-1,-1,-1
738,52,1683.97,704.38,138.90,264.53,0.7930,-1,-1,-1
739,51,607.88,565.33,48.02,122.69,0.7843,-1,-1,-1
739,52,1712.20,716.37,149.97,262.39,0.8050,-1,-1,-1
740,51,607.46,567.58,48.17,123.07,0.8093,-1,-1,-1
740,52,1741.21,733.12,147.80,255.17,0.8236,-1,-1,-1
741,51,608.45,568.84,48.39,124.30,0.8194,-1,-1,-1
741,52,1777.51,734.50,141.04,260.77,0.6542,-1,-1,-1
742,51,608.80,570.41,47.56,124.61,0.8144,-1,-1,-1
742,52,1820.26,747.22,107.24,260.22,0.4566,-1,-1,-1
743,51,608.54,571.67,49.26,126.12,0.7059,-1,-1,-1
744,51,607.42,571.92,49.47,127.98,0.6292,-1,-1,-1
745,51,605.71,573.99,49.80,128.67,0.7176,-1,-1,-1
746,51,604.57,575.27,48.91,129.70,0.7279,-1,-1,-1
747,51,604.35,576.79,48.45,130.99,0.7501,-1,-1,-1
748,51,603.61,576.73,48.66,131.78,0.7661,-1,-1,-1
749,51,602.97,577.63,48.78,131.60,0.7807,-1,-1,-1
750,51,602.48,578.65,48.97,130.76,0.7431,-1,-1,-1
